1418 1793.68 
1204.67 1792.1 
1745.8 1754.55 
2402.66 233.739 
1310.96 1226.52 
2276.76 329.239 
114.102 237.799 
1794.73 1754.44 
1470.37 1363.9 
1373.42 235.615 
254.8 237.918 
1439.92 1219.6 
1794.73 1754.44 
1570.79 1793.09 
2243.41 1611.27 
1276.12 1226.52 
1011.06 1793.83 
1441.69 1356.76 
1542.16 1225.15 
1230.73 1597.69 
1441.66 1245.39 
124.027 226.11 
2117.97 690.47 
1627.58 1755.16 
1371.85 1756 
1757.8 1782.97 
1544.13 1790.23 
2064.65 1730.68 
2436.12 239.818 
1453.21 1202.57 
2323.36 326.231 
74.4757 101.669 
2110.39 1728.73 
1623.04 1342.13 
1505.85 183.451 
240.925 111.91 
1583.3 1195.14 
2110.39 1728.73 
1906.13 1775.93 
2346.52 1571.42 
1418.01 1202.83 
1348.67 1800.31 
1594.17 1334.69 
1684.07 1200.31 
1558.78 1589.16 
1584.52 1221.41 
86.1491 89.5374 
2177.66 673.482 
1952.03 1735.73 
1704.32 1746.38 
