1814.02 1303.6 
2344.18 1477.32 
2090.27 202.789 
722.406 545.668 
696.214 1353.6 
2170.95 1699.84 
1449.38 1726.25 
878.818 1739.78 
878.818 1739.78 
2078.97 95.1161 
1674.87 382.502 
975.964 1557.08 
975.964 1557.08 
2012.4 1661.31 
660.379 1707.02 
660.379 1707.02 
1047.86 1766.97 
731.912 288.049 
2105.63 852.322 
696.201 1369.6 
1082.44 1509.24 
2164.76 60.7975 
738.749 145.825 
486.065 333.255 
475.948 405.079 
724.398 586.742 
713.91 858.327 
712.85 877.887 
701.736 1173.59 
701.425 1231.56 
743.404 113.104 
733.937 330.294 
717.472 758.02 
2092.14 1258.47 
2287.99 1668.15 
740.64 192.182 
727.357 690.772 
724.333 859.223 
737.878 535.493 
726.59 858.024 
735.292 753.411 
1925.01 1372.82 
2524.64 1550.2 
2240.13 284.597 
594.281 552.227 
550.461 1413.92 
2332.52 1772.63 
1567 1809.99 
1010.99 1837.9 
1010.99 1837.9 
2227.07 178.105 
1764.69 437.741 
1113.08 1640.13 
1113.08 1640.13 
2152.06 1735.36 
723.005 1804.91 
723.005 1804.91 
1197.09 1863.65 
610.299 280.598 
2257.83 926.694 
550.295 1431.41 
1232.79 1588.42 
2321.83 150.513 
620.789 131.469 
310.683 311.372 
297.972 387.442 
596.803 595.422 
579.987 884.291 
578.484 905.407 
560.488 1221.26 
558.071 1282.62 
626.695 96.494 
610.631 326.235 
585.956 777.152 
2243.4 1330.91 
2463.47 1739.78 
621.127 180.834 
598.879 706.365 
593.777 885.506 
611.998 542.315 
593.777 885.506 
606.995 775.327 
