2551.83 1450.53 
1928.05 1734.8 
1906.22 1733.25 
1175.83 1543.48 
624.944 1755.87 
2462.23 1068.92 
2396.59 1248.12 
1409.99 1824 
482.474 1083.28 
2304.32 1634.7 
2437.44 821.912 
2554.12 1684.03 
386.341 1241.91 
2440.39 152.111 
2304.32 1634.7 
2334.92 407.746 
514.57 674 
2440.39 152.111 
2154.25 1345.97 
2320.18 1635.36 
2280.76 233.464 
1362.05 1827.42 
2507.67 938.729 
491.699 900.866 
2157.7 855.204 
2589.97 1466.46 
2016.64 1739.98 
1993.4 1738.49 
1357.38 1547.18 
671.296 1771.58 
2511.93 1100.74 
2441.89 1270.14 
1579.18 1835.95 
285.224 1031 
2339.87 1640.61 
2493.1 863.707 
2586.7 1688.25 
161.245 1125.35 
2512.99 224.21 
2339.87 1640.61 
2402.65 460.131 
338.401 590.611 
2512.99 224.21 
2195.14 1358.98 
2356.95 1641.64 
2352.88 287.576 
1533.42 1840.2 
2559.57 978.747 
300.259 834.466 
2210.62 881.236 
