377.574 844.871 
329.836 1657.97 
329.836 1657.97 
502.418 11.5154 
1895.21 46.6277 
2804.18 73.4598 
1063.53 114.962 
609.872 210.89 
609.872 210.89 
639.524 263.882 
2350.34 292.107 
2689.59 343.458 
2689.59 343.458 
2343.32 402.915 
551.193 416.395 
517.97 431.035 
521.035 493.778 
1957.92 589.917 
703.929 614.495 
2633.02 823.57 
790.711 828.924 
1268.87 914.162 
1256.96 955.463 
565.759 1002.74 
565.759 1002.74 
568.987 1005.24 
1371.14 1139.98 
2304.56 1291.4 
2305.56 1305.05 
732.264 1352 
408.046 1656.98 
184.171 1732.28 
1613.15 46.9842 
1613.15 46.9842 
1899.04 47.3623 
1436.25 48.0494 
1813.45 49.9644 
1813.45 49.9644 
1682.19 65.3999 
1941.5 68.7237 
2803.41 69.9893 
2803.41 69.9893 
2928.84 88.5153 
1053.55 89.6848 
2785.49 89.5908 
2791.13 89.1988 
1064.13 110.501 
1064.13 110.501 
1746.96 120.459 
1682.19 123.702 
2079.8 128.063 
2186.64 134.125 
1764.05 140.624 
2665.81 143.386 
1750.14 171.814 
663.789 177.027 
2142.43 178.016 
2311.3 190.842 
2311.3 190.842 
611.989 207.296 
2796.01 221.412 
1796.9 233.917 
997.653 253.176 
1002.12 253.662 
552.899 282.227 
1292.06 287.332 
1024.19 296.065 
616.373 300.628 
616.373 300.628 
821.212 300.845 
494.811 304.432 
825.155 308.88 
2131.06 325.236 
2198.04 331.175 
930.114 337.333 
537.312 353.98 
537.312 353.98 
2523.46 376.193 
1865.14 394.273 
1865.14 394.273 
2373.12 400.935 
2240.33 422.295 
2709.84 468.771 
982.908 469.427 
2576.49 470.96 
2482.02 474.125 
883.98 498.344 
374.533 518.62 
771.874 524.394 
2266.31 537.907 
644.143 540.853 
2168.4 551.436 
953.656 554.144 
1101.61 567.115 
2029.65 578.607 
509.062 607.231 
2344.65 631.041 
1929.48 632.699 
2935.76 638.343 
2655.52 674.861 
864.878 677.336 
614.512 719.77 
2621.83 803.714 
374.142 812.918 
1281.11 825.322 
582.772 864.633 
582.772 864.633 
571.214 867.556 
556.799 871.102 
2827.17 884.363 
740.809 907.909 
740.809 907.909 
1260.81 915.016 
661.549 917.887 
2599.04 931.824 
2721.86 932.264 
1224.18 950.786 
1224.77 958.423 
1258.6 962.499 
2194.68 966.309 
1230.53 976.468 
1324.39 990.864 
668.037 995.453 
657.996 996.184 
657.996 996.184 
781.017 999.59 
2567.18 1039.6 
1321.28 1040.62 
1311.85 1042.74 
1309.7 1046.51 
2462.8 1075.35 
2462.8 1075.35 
1255.52 1082.9 
1370.78 1090.03 
2432.75 1122.37 
1354.16 1133.08 
2266.46 1183.37 
2304.03 1258.16 
719.508 1275.58 
719.508 1275.58 
2305.08 1283.61 
713.748 1284.43 
2668.55 1348.16 
2325.41 1350.93 
353.135 1569.36 
2320.31 1661.32 
2661.37 1669.58 
2753.07 1676.8 
169.507 1719.36 
119.79 1814.99 
44.4121 1893.05 
498.001 13.2072 
2502.27 12.6525 
1818.12 16.0193 
1823.71 19.4315 
2080.82 24.0199 
2478.82 26.3001 
1896.18 28.5553 
2053.52 31.677 
1900.31 33.2317 
1900.31 33.2317 
2460.46 32.7464 
1701.61 47.9114 
2165.12 49.8929 
1129.91 85.9051 
2942.45 86.1234 
2942.45 86.1234 
2147.63 90.9952 
1521.07 99.0171 
1493.94 99.4875 
1793.86 99.9931 
1064.17 110.454 
746.648 114.638 
1714.14 122.282 
879.379 126.405 
2007.13 133.957 
2399.75 137.886 
2399.75 137.886 
1630.52 139.519 
993.653 148.94 
2229.13 148.976 
2229.13 148.976 
2339.36 152.057 
2043.34 155.993 
3039.9 155.968 
1084.71 156.774 
3040.2 162.945 
1310.57 165.009 
1741.65 166.097 
2085.14 167.361 
3042.05 172.389 
1876.93 173 
782.193 183.384 
2778.68 188.325 
629.238 199.59 
1090.28 202.118 
1090.28 202.118 
1767.69 204.37 
1865.12 208.554 
829.728 213.252 
829.728 213.252 
822.204 217.753 
2330.36 219.511 
2330.36 219.511 
1825.72 221.797 
498.348 237.323 
2342.4 236.82 
2198.71 242.967 
2198.71 242.967 
1836 249.313 
1836 249.313 
1805.69 253.846 
2289.69 253.965 
706.089 262.783 
1905.09 266.067 
1905.09 266.067 
2249.38 267.723 
1873.33 271.639 
1873.33 271.639 
1883.28 276.801 
1042.03 293.449 
2248.22 295.693 
2248.22 295.693 
2279.81 300.724 
979.637 304.907 
391.772 305.339 
820.38 305.637 
2869.66 308.039 
2513.64 312.425 
2513.64 312.425 
1157.19 320.271 
2193.68 328.414 
969.035 335.342 
1092.83 335.92 
569.254 343.051 
2863.83 350.258 
2032.76 352.508 
1746.23 356.943 
591.65 358.713 
1736.81 360.82 
496.095 364.112 
704.983 375.481 
704.983 375.481 
2484.97 379.392 
1866.55 383.756 
2481.78 384.685 
677.142 390.017 
1837.47 393.309 
665.66 394.123 
1981.25 394.516 
659.153 395.54 
1860.24 402.93 
2117.4 416.092 
2295.99 418.045 
2261.92 423.097 
492.961 434.999 
756.585 435.241 
2163.68 437.896 
2163.68 437.896 
792.64 450.973 
1946.36 456.272 
2046.27 461.705 
2526.09 466.17 
2526.09 466.17 
2480.21 469.846 
587.102 475.77 
579.973 477.553 
1630.27 477.234 
1917.05 476.586 
1917.05 476.586 
2633.95 478.058 
2633.95 478.058 
570.753 483.621 
926.925 483.594 
960.653 485.609 
2753.06 487.818 
1412.34 497.097 
489.545 498.479 
865.979 502.201 
2456.68 506.846 
373.84 511.644 
698.284 525.917 
954.18 532.263 
1822.95 538.792 
1822.95 538.792 
1867.71 539.035 
2231.11 538.712 
2204.94 546.45 
2204.94 546.45 
2114.85 566.311 
623.493 571.403 
2107.5 575.369 
609.293 576.698 
552.24 583.968 
576.968 584.621 
759.922 586.948 
867.887 586.982 
637.109 588.087 
533.185 593.981 
522.966 597.92 
514.669 601.966 
514.669 601.966 
521.827 603.852 
1821.84 606.16 
748.648 607.496 
2111.7 622.235 
819.344 626.674 
2371.38 627.868 
2943.89 629.807 
1271.86 659.601 
2632.5 674.931 
1986.96 680.512 
992.424 683.917 
2688.01 689.617 
484.167 694.016 
622.819 703.534 
2401.89 718.831 
2233.79 740.151 
953.91 741.091 
961.831 741.631 
2295.12 748.94 
1054.83 767.197 
753.163 772.174 
754.132 777.43 
689.467 782.333 
680.014 782.958 
708.466 784.542 
606.719 787.977 
659.143 791.362 
574.876 801.338 
992.817 801.284 
369.641 806.33 
937.559 815.981 
2819.3 817.206 
1269.57 830.224 
1259.95 830.835 
717.674 835.59 
2231.08 843.697 
2065.45 882.412 
1291.53 888.739 
865.267 893.901 
1243.94 895.779 
2937 896.321 
798.154 901.252 
1237.13 904.087 
755.584 906.22 
2169.56 911.777 
668.125 920.486 
668.125 920.486 
1227.1 923.676 
1225.46 933.866 
1254.06 938.49 
2339.25 950.337 
1329.57 958.606 
2285.37 959.658 
2229.08 962.349 
1322.33 965.816 
2209.88 966.208 
1228.03 968.365 
1266.87 971.256 
1258.39 972.112 
2315.42 973.93 
757.661 983.724 
572.746 987.174 
572.746 987.174 
1270.73 992.229 
1283.72 996.308 
1298.69 998.737 
628.129 1000.03 
628.129 1000.03 
2636.26 1025.99 
1321.17 1035.02 
1321.17 1035.02 
2929.77 1036.74 
1310.77 1037.92 
1301.58 1038.79 
2577.02 1042.09 
1623.5 1045.81 
2427 1048.02 
1617.56 1050.34 
1627.49 1050.19 
1325.35 1053.68 
1626.85 1056.79 
2527.58 1057.68 
1633.22 1060.05 
1622.98 1061.22 
2245.11 1061.31 
2245.11 1061.31 
2291.24 1068.93 
2259.51 1069.72 
2181.18 1072.04 
2122.32 1075.45 
2122.32 1075.45 
1264.36 1079.81 
2226.94 1081.38 
682.427 1082.36 
682.427 1082.36 
1025.92 1084.03 
618.795 1087.94 
1251.83 1089.55 
1227.58 1090.53 
569.867 1091.89 
2905.57 1092.95 
1293.39 1097.52 
1255.74 1109.24 
1323.42 1123.01 
1324.75 1129.25 
2720.05 1130.76 
2720.05 1130.76 
2557.24 1136.17 
2584.07 1137.36 
2448.14 1140.79 
2467.94 1141.37 
2404.15 1141.92 
962.411 1147.84 
1180.3 1164.26 
1180.3 1164.26 
2210.01 1167.36 
638.336 1172.22 
506.361 1182.19 
506.361 1182.19 
2512.08 1220.81 
719.01 1222.24 
2385.01 1226.91 
550.156 1240.68 
550.156 1240.68 
2185.51 1247.55 
841.449 1261.56 
533.015 1271.82 
843.331 1273.38 
2306 1274.92 
735.021 1281.61 
2128.91 1281.82 
2077.22 1285.78 
2115.99 1286.99 
659.049 1298.06 
362.201 1337.59 
719.238 1342.28 
719.238 1342.28 
1091.13 1347.31 
940.35 1348.38 
1232.73 1348.16 
921.137 1349.32 
2120.37 1354.57 
362.065 1355.69 
362.065 1355.69 
747.634 1385.12 
888.036 1387.33 
888.036 1387.33 
1034.42 1387.14 
1034.42 1387.14 
1192.74 1388.34 
1365.79 1389.02 
2158.26 1435.31 
1355.63 1466.57 
499.95 1472.35 
2349.3 1486.31 
2129.31 1521.87 
2139.07 1527.5 
2143.96 1539.87 
2143.96 1539.87 
2128.83 1604.87 
488.497 1617.78 
486.22 1633.27 
824.7 1634.16 
824.7 1634.16 
305.803 1640.71 
2947.53 1642.99 
2106.63 1663.75 
2101.35 1667.19 
2345.07 1669.3 
2661.68 1669.9 
2252.05 1676.29 
2252.05 1676.29 
2151.3 1678.3 
705.866 1698.19 
1095.85 1705.01 
1095.85 1705.01 
94.763 1722.2 
665.019 1873.42 
2297.33 1878.07 
2297.33 1878.07 
2166.89 1914.8 
1746.74 1921.74 
1746.74 1921.74 
787.633 2038.31 
787.633 2038.31 
2567.42 7.75779 
2567.42 7.75779 
2545.17 11.9609 
1603.78 17.3973 
2169.47 17.1006 
2169.47 17.1006 
2098.14 19.6264 
1924.26 20.963 
1785.34 23.5154 
1771.11 25.8816 
2004.38 27.3419 
1812.78 29.7622 
2045.39 37.0536 
928.286 41.1861 
1260.28 48.8674 
2798.96 66.0201 
384.847 82.6589 
2238.47 89.9029 
1305.34 90.6924 
384.673 92.6514 
2331.57 93.2096 
1862.04 98.1971 
2773.35 99.6335 
1253.48 101.14 
1253.48 101.14 
1053.06 113.456 
2159.94 113.68 
40.038 115.735 
851.165 115.683 
2140.24 116.294 
1146.95 120.773 
2123.17 121.018 
1012.34 123.069 
1709.99 127.754 
2077.98 134.156 
1532.1 139.588 
3039.59 142.315 
2472.95 144.356 
2472.95 144.356 
2844.79 144.419 
1606.53 146.333 
1105.47 150.081 
2440.39 152.111 
2440.39 152.111 
1053.66 158.837 
1053.66 158.837 
2405.84 159.514 
2726.26 163.06 
2101.33 164.315 
2101.33 164.315 
1916.1 170.164 
2165.96 176.895 
1701.75 179.892 
2307.79 180.706 
2307.79 180.706 
1839.16 184.738 
2315.09 185.33 
1823.6 186.164 
1823.6 186.164 
652.227 186.877 
1467.66 189.152 
1845.04 190.107 
1834.95 191.42 
2152.79 190.607 
2289.61 191.324 
2346.01 191.268 
2346.01 191.268 
1791.52 192.449 
2246.72 194.109 
2246.72 194.109 
648.854 194.88 
648.854 194.88 
1759.51 196.17 
1777.18 196.045 
2235.27 197.027 
2138.56 199.124 
1795.97 203.283 
736.623 204.466 
1608.76 212.207 
580.239 214.663 
2808.73 216.34 
2658.76 216.608 
1678.13 226.648 
1020.38 227.578 
1662.14 227.726 
2783.33 227.607 
2264.43 232.301 
2537.7 233.107 
1784.52 234.41 
1784.52 234.41 
799.704 236.707 
799.704 236.707 
789.425 241.004 
1871.07 244.154 
2337.28 244.22 
712.664 245.805 
2016.39 251.673 
1928.27 258.287 
693.512 267.059 
610.683 271.191 
1857.39 274.34 
1331.46 277.227 
2808.87 282.083 
1831.96 283.939 
2052.28 285.628 
2351.89 285.879 
2337.93 290.351 
2730.05 291.298 
2012.65 292.737 
2341.33 295.749 
811.585 296.936 
1783.86 298.168 
2304.2 298.316 
1986.34 299.183 
2256.73 304.424 
758.115 304.535 
1972.91 305.925 
386.842 309.379 
2866.16 320.843 
2866.16 320.843 
1139.25 323.366 
1119.07 329.252 
2518.67 329.33 
603.491 329.826 
2279.13 330.883 
2612.79 342.702 
2612.79 342.702 
862.294 346.733 
1055.32 352.222 
595.112 352.779 
2190.71 357.64 
1993.48 359.186 
1993.48 359.186 
994.979 361.199 
2169.6 363.186 
2548.82 368.985 
2098.99 371.842 
1707.27 374.561 
1842.81 388.603 
1842.81 388.603 
1823.88 396.255 
623.594 399.147 
662.91 400.761 
2290.53 402.078 
2371.69 405.587 
1929.73 407.675 
2261.64 417.423 
493.301 423.979 
2140.9 431.234 
2102.75 435.534 
1024.71 449.636 
2118.01 451.602 
1554.91 457.182 
2070.71 462.014 
2052.08 465.753 
614.344 467.502 
975.208 470.392 
1551.34 472.209 
2525.87 473.894 
2448.71 474.965 
2448.71 474.965 
965.526 479.377 
591.963 485.742 
557.421 487.928 
905.254 490.859 
894.328 493.105 
2417.35 492.636 
484.33 500.715 
1352.78 502.39 
1945.19 502.351 
2429.54 502.168 
1407.86 502.803 
1371.49 504.459 
1399.36 507.73 
1399.36 507.73 
2427.47 509.883 
1865.37 511.283 
1865.37 511.283 
2158.96 520.851 
2290.74 527.789 
2261.67 528.828 
2248.07 530.578 
2248.07 530.578 
2230.56 531.746 
2908.43 537.831 
953.375 540.352 
953.375 540.352 
1145.01 540.794 
2184.01 555.209 
992.233 560.945 
2150.94 561.242 
1145.01 566.38 
2106.79 567.901 
2038.33 568.677 
2017.16 569.715 
2083.87 572.081 
883.622 581.376 
563.806 585.752 
374.276 589.263 
1120.68 593.89 
847.221 596.783 
1921.12 599.189 
1930.56 605.182 
1930.56 605.182 
2380.9 620.629 
2887.6 625.043 
802.706 628.617 
817.615 632.967 
2278.04 632.976 
674.37 645.456 
2144.72 650.3 
647.313 654.787 
486.1 668.714 
2033.31 671.251 
2016.36 683.789 
2225.19 689.071 
2678.26 689.462 
1836.01 696.022 
650.155 713.776 
636.357 715.32 
2375.89 720.19 
2375.89 720.19 
1359.61 720.538 
2902.3 727.826 
2290.9 741.169 
2897.66 744.886 
848.271 751.386 
848.271 751.386 
1617.39 752.489 
1617.39 752.489 
830.353 754.811 
2303.64 755.095 
2898.03 754.882 
1365.83 756.895 
1365.83 756.895 
1051.81 760.955 
2530.57 765.674 
1925.61 775.401 
1616.93 783.467 
658.313 786.15 
1847.85 790.082 
1847.85 790.082 
2166.85 790.143 
602.057 792.362 
574.768 794.826 
567.291 796.661 
558.34 800.383 
369.234 818.106 
1274.89 825.058 
796.691 826.124 
777.933 829.072 
777.933 829.072 
853.082 829.399 
369.158 830.317 
740.3 835.735 
714.826 840.793 
714.826 840.793 
740.438 842.879 
1244.03 843.598 
2112.86 845.919 
683.443 847.594 
683.443 847.594 
376.365 849.442 
1250.53 848.511 
2064.2 850.258 
2075.41 849.538 
2157.7 855.204 
2113.28 858.808 
2889.82 859.543 
2719.2 880.418 
1252.59 889.912 
865.895 899.877 
1626.99 905.108 
766.348 905.746 
699.745 910.104 
729.234 909.607 
729.234 909.607 
1402.47 909.736 
1402.47 909.736 
1231.8 914.079 
786.269 920.09 
2188.52 935.645 
2653.89 936.385 
2561.11 940.643 
2238.62 944.514 
479.985 944.8 
2569.54 945.977 
2275.01 956.611 
2317.64 958.852 
2317.64 958.852 
2397.23 971.817 
1441.35 973.172 
1335.05 973.78 
1342.02 974.424 
1224.73 974.302 
2392.96 977.671 
1475.07 982.566 
1475.07 982.566 
1456.09 984.566 
555.013 986.62 
1427.84 986.772 
1330.54 987.77 
727.787 989.026 
1277.86 989.074 
1277.86 989.074 
684.982 989.559 
614.788 996.739 
2950.82 996.924 
1309.36 997.721 
1147.5 1004.1 
783.95 1005.79 
1160.7 1007.75 
1160.7 1007.75 
1136.38 1009.81 
479.674 1011.07 
693.543 1024.04 
1331.62 1029.07 
1302.35 1045.12 
2931.46 1045.24 
2931.46 1045.24 
1316.1 1047.26 
2385.51 1055.15 
1684.43 1055.62 
2936.05 1061.76 
2244.01 1067.2 
2462.23 1068.92 
2270.12 1069.97 
1406.17 1070.58 
2164.07 1071.31 
2365.85 1072.88 
2550.9 1075.3 
2234.63 1076.04 
2937.29 1078.3 
694.021 1078.94 
2368.88 1079.15 
1568.03 1079.53 
1994.29 1082.42 
974.844 1082.89 
2065.9 1083.03 
2391.79 1083.01 
647.25 1084.63 
2040.56 1085.84 
1577.02 1089.74 
1313.96 1092.34 
2801.97 1092.06 
2418.09 1103.85 
2449.19 1106.76 
769.456 1115.38 
1271.19 1115.1 
2655.71 1116.07 
2937.59 1116.97 
2937.59 1116.97 
992.82 1123.83 
992.82 1123.83 
1136.9 1124.17 
1273.03 1123.55 
362.658 1127.17 
2737.45 1131.1 
2737.45 1131.1 
368.981 1132.7 
362.18 1137.02 
2430.88 1141.13 
2261.98 1147.62 
2428.28 1147.88 
1479.33 1149.36 
1479.33 1149.36 
1460.75 1150.46 
1634.02 1149.93 
2220.99 1150.25 
1413.55 1152.38 
1431.99 1152.2 
1867.4 1153.25 
2115.94 1154.36 
2089.67 1155.44 
1360.84 1156.44 
768.382 1159.13 
768.382 1159.13 
1150.05 1161.25 
1377.62 1163.52 
953.594 1163.86 
1163.65 1165.62 
1163.65 1165.62 
1138.89 1166.89 
1866.21 1182.11 
360.534 1187.3 
980.405 1210.7 
2708.79 1210.94 
622.3 1231.05 
2134.14 1236.79 
2465.26 1240.13 
2465.26 1240.13 
2555.94 1241.03 
692.249 1241.83 
2539.82 1244.64 
1503.43 1245.77 
1386.86 1248.84 
2175.3 1254.25 
357.949 1259.16 
2173.69 1261.9 
1388.85 1263.34 
873.293 1266.58 
358.42 1275.07 
2107.95 1281.47 
2107.95 1281.47 
2459.05 1283.8 
2106.02 1287.96 
619 1291.32 
654.776 1293.59 
1711.63 1307.06 
354.964 1319.38 
2305.64 1320.97 
1888.25 1325.25 
1888.25 1325.25 
1482.36 1327.48 
1482.36 1327.48 
1674.32 1326.55 
1925.81 1327.6 
837.762 1333.05 
1928.69 1335.37 
1062.83 1340.35 
1098.74 1339.95 
804.861 1341.78 
2083.61 1344.39 
1548.34 1345.02 
1827.73 1346.25 
1827.73 1346.25 
1254.65 1347.04 
1430.95 1347.18 
1430.95 1347.18 
1800.61 1346.78 
1408.14 1347.6 
1594.43 1347.82 
798.622 1349.48 
2361.95 1352.06 
2627 1352.37 
2662.99 1352.19 
789.87 1352.29 
789.87 1352.29 
2060.25 1354.01 
2504.74 1353.46 
932.188 1358.67 
614.794 1359.87 
531.25 1365.12 
531.25 1365.12 
654.703 1365.27 
611.439 1365.97 
611.439 1365.97 
362.113 1372.35 
2128.18 1372.07 
2022.14 1373 
2022.14 1373 
754.411 1376.39 
2113.53 1376.88 
2113.53 1376.88 
824.764 1379.31 
893.176 1378.59 
1040.34 1378.61 
1200.29 1379.76 
2131.87 1380.34 
1289.78 1381.02 
1555.45 1381.75 
846.39 1388.27 
846.39 1388.27 
869.782 1388.41 
991.949 1387.83 
1016.36 1388.17 
1146.36 1389.11 
1296.45 1389.64 
1315.11 1390.29 
1345.18 1389.76 
1476.04 1390 
1548.7 1391.01 
1548.7 1391.01 
1968.93 1392.09 
1667.83 1393.13 
1882.91 1393.03 
835.114 1403.36 
834.734 1403.54 
881.584 1403.69 
881.584 1403.69 
980.778 1403.76 
1302.28 1407.64 
1362.91 1409.69 
1362.91 1409.69 
1481.5 1410.46 
472.467 1413.45 
1746.53 1413.72 
1746.53 1413.72 
2163.07 1425.25 
2133.15 1431.35 
2202.23 1432.63 
2202.23 1432.63 
1100.54 1434.22 
2188.35 1434.79 
2539.09 1438.2 
1686.68 1442.9 
2200.68 1460.14 
529.044 1468.4 
2272.1 1470.83 
2272.1 1470.83 
2268.96 1477.21 
2351.72 1491.76 
2349.26 1497.77 
2215.23 1518.22 
2078.86 1519.35 
2503.42 1518.89 
2169.33 1522.37 
2178.67 1521.54 
2460.94 1529.94 
2661.2 1536.98 
2150.29 1540.58 
2165.22 1574.17 
763.771 1577.58 
464.287 1587.79 
755.454 1588.17 
755.454 1588.17 
2118.07 1598.09 
1794.1 1599.44 
1794.1 1599.44 
2067.57 1617.14 
1796.13 1624.12 
2497.42 1626.35 
454.986 1626.86 
704.114 1633.36 
1767.32 1633.27 
724.09 1634.83 
724.09 1634.83 
1306.93 1642.55 
433.252 1643.84 
2196.79 1646.12 
1096.91 1650.75 
1096.91 1650.75 
1534.61 1653.29 
1320.81 1654.72 
1270.73 1657.56 
723.779 1662.1 
723.779 1662.1 
637.13 1662.72 
607.061 1663.98 
1628.01 1664.3 
1085.15 1664.54 
783.498 1667.26 
855.675 1669.24 
2669.6 1671.13 
889.081 1674.36 
2261.63 1676.17 
792.962 1677.91 
792.962 1677.91 
171.628 1681.12 
1366.6 1680.86 
1366.6 1680.86 
2535.69 1680.66 
979.982 1682.34 
979.982 1682.34 
1269.13 1681.86 
877.159 1683.31 
1105.55 1689.39 
616.612 1690.32 
1284.04 1696.78 
609.264 1701.63 
696.687 1710.95 
730.4 1713.55 
435.885 1723.73 
1906.22 1733.25 
1691.55 1733.59 
157.378 1735.16 
1928.05 1734.8 
947.869 1737.49 
947.869 1737.49 
2680.86 1778.32 
2697.32 1785.42 
1116.24 1844.83 
1121.16 1898.11 
866.475 1915.79 
825.505 1921.26 
1597.57 11.3703 
2111.85 17.1884 
2122.88 16.8027 
632.35 21.0388 
2310.42 24.7159 
2310.42 24.7159 
2768.78 26.5346 
2839.3 28.0635 
1754.95 28.7184 
1804.78 29.3234 
2042.3 30.2605 
2497.8 30.052 
742.381 38.8038 
742.381 38.8038 
2771.19 39.8513 
1426.03 50.6435 
1446.7 53.6638 
1435.64 56.14 
1218.39 58.9154 
1424.4 59.1511 
1647.37 64.6971 
1934.55 65.7092 
1990.82 66.92 
1039.04 67.81 
1953.81 68.922 
1656.22 70.5202 
1137.18 75.7905 
1858.09 78.9059 
1020.59 81.4168 
1020.59 81.4168 
1880.37 80.5292 
1135.97 84.5022 
1939.79 85.2447 
1811.6 93.3035 
1279.54 98.0467 
1219.41 112.067 
733.976 114.706 
2116.47 115.138 
747.626 121.936 
824.231 122.93 
1175.27 124.61 
2112.83 124.912 
1316.95 125.519 
1101.59 143.016 
1101.59 143.016 
917.186 147.164 
1644.96 148.522 
1959.8 150.864 
2777.42 155.727 
2322.33 157.773 
777.476 167.873 
2222.42 174.025 
2185.61 175.166 
1864.65 177.019 
2339.94 182.945 
823.516 185.399 
1404.43 185.823 
1404.43 185.823 
797.103 192.298 
2277.53 196.065 
618.19 197.303 
765.982 197.776 
620.875 207.625 
2660.28 209.319 
956.954 210.246 
1418 209.351 
1418 209.351 
851.63 222.285 
2049.64 237.09 
595.43 241.916 
2537.21 257.885 
2537.21 257.885 
1623.76 265.091 
2101.47 271.793 
679.031 273.232 
679.031 273.232 
618.716 275.747 
618.716 275.747 
865.357 276.694 
651.454 278.022 
1307 282.217 
2129.34 283.449 
622.194 285.87 
2153.31 295.403 
2153.31 295.403 
1756.84 298.434 
1230.04 300.553 
1740.27 300.858 
379.012 303.785 
379.131 314.888 
2283.92 314.619 
1873.76 316.118 
2208.15 317.031 
1132.16 324.839 
2158.39 325.433 
921.313 327.211 
2140.04 328.97 
2160.81 333.216 
1815.56 335.292 
2863.7 337.302 
2160.28 342.428 
2271.02 342.639 
850.136 348.702 
2212.81 349.605 
584.34 354.618 
2234.03 354.895 
570.54 359.63 
570.54 359.63 
787.901 360.862 
2148.63 360.7 
1712.73 366.645 
2000.12 377.728 
732.072 379.836 
711.174 383.273 
2863 391.886 
2334.92 407.746 
1926.53 416.005 
1598.97 422.906 
1308.95 425.391 
2903.55 436.504 
1253.13 437.63 
736.159 439.733 
736.159 439.733 
721.486 444.762 
721.486 444.762 
1444.7 445.494 
1254.03 448.958 
1199.31 459.801 
623.225 473.149 
2462.11 475.019 
616.686 480.815 
1895.35 489.962 
1895.35 489.962 
1394.96 497.618 
2410.16 502.474 
1794.62 504.086 
2797.46 504.865 
1476.57 511.118 
2350.75 519.734 
1864.87 521.871 
1864.87 521.871 
711.925 523.122 
1361.7 531.01 
1420.39 542.187 
1458.52 544.326 
1099.79 551.828 
2151.95 551.478 
1001.96 558.145 
1143.44 558.655 
1085.69 562.344 
2068.6 570.089 
1441.59 570.585 
1986.89 572.779 
1986.89 572.779 
618.063 576.783 
922.53 578.36 
891.159 580.737 
623.24 584.453 
1972.3 584.851 
1979.6 584.625 
852.536 589.767 
852.536 589.767 
828.859 592.941 
1973.78 593.124 
1446.51 598.017 
585.754 600.006 
585.754 600.006 
1867.57 600.068 
2858.48 605.761 
1098.67 606.865 
1098.67 606.865 
886.632 615.151 
1194.8 620.076 
1194.8 620.076 
888.31 622.653 
1329.91 625.363 
1329.91 625.363 
1233.53 628.752 
1233.53 628.752 
2302.85 633.544 
718.047 638.809 
556.289 647.201 
1144.87 647.433 
2213.13 650.382 
1267.39 659.652 
1267.39 659.652 
841.278 686.598 
1303.4 690.198 
1902.99 691.753 
1902.99 691.753 
1271.55 694.948 
1377.09 695.627 
1334.56 699.324 
2553.67 702.279 
2553.67 702.279 
1242.69 712.275 
1329.08 712.158 
2296.36 733.2 
1219.07 740.328 
2300.17 743.923 
2876.7 754.904 
2072.02 759.313 
1987.43 765.411 
2868.78 764.69 
2102.63 765.533 
2076.59 767.957 
1585.38 769.035 
1992.94 773.239 
701.722 777.622 
701.722 777.622 
1938.03 781.081 
669.527 784.369 
699.333 787.3 
641.431 788.033 
2879.94 787.883 
585.838 793.451 
2166.53 809.907 
2881.35 817.528 
846.983 822.177 
846.983 822.177 
2530.38 824.942 
2445.28 830.665 
2317.6 838.285 
2524.21 838.839 
2277.68 851.042 
2033.64 860.538 
2935.54 862.261 
1458.17 878.582 
1451.25 885.099 
1451.25 885.099 
2877.01 886.613 
1416.3 887.716 
1670.2 887.935 
1659.71 902.461 
2181.39 902.233 
2878.53 903.418 
1861.75 905.484 
796.663 909.059 
2551.8 911.212 
2534.27 911.766 
779.413 912.628 
1126.15 919.246 
2678.99 924.242 
2935.23 925.828 
671.855 927.13 
605.409 931.29 
1644.05 931.246 
1180.34 934.364 
1180.34 934.364 
564.448 941.17 
564.448 941.17 
1456.97 942.303 
2522.75 943.234 
1425.84 945.974 
2346.71 947.759 
1693.53 949.242 
1661.2 952.309 
1624.47 955.36 
1611.48 956.072 
2251.99 957.108 
1709.38 959.725 
1032.81 964.08 
2301.94 965.817 
2301.94 965.817 
2318.33 967.24 
1603.03 967.965 
2049.01 969.862 
2124.6 976.389 
2162.05 978.287 
1440.6 980.977 
2947.56 983.977 
2947.56 983.977 
1465.57 987.39 
715.808 989.453 
1418.05 990.935 
790.074 995.781 
645.379 999.281 
645.379 999.281 
645.379 999.281 
556.663 1001.61 
1567.23 1002.13 
1010.68 1009.37 
790.809 1010.27 
1168.89 1010.15 
1127.7 1013.63 
1555.97 1014.27 
1118.43 1014.59 
1665.01 1015.67 
1616.11 1018.6 
999.401 1019.52 
999.401 1019.52 
2702.01 1026.13 
2902.17 1029.23 
1630.9 1037.27 
2140.54 1036.94 
2140.54 1036.94 
1033.81 1052.02 
2472.89 1061.21 
2576.74 1063.41 
1635.4 1067.34 
2490.84 1067.36 
1732.74 1068.83 
2427.55 1069.76 
2392.21 1074.34 
2110.85 1075.57 
1073.45 1077.83 
2492.47 1077.56 
1182.24 1087.96 
1182.24 1087.96 
1275.45 1090.21 
1559.43 1090.42 
1117.36 1091.33 
1460.67 1106.3 
1429.78 1107.86 
2596.33 1107.53 
1100.67 1119.94 
1225.13 1131.04 
1241.73 1131.07 
2380.72 1131.91 
1363.95 1138.5 
1363.95 1138.5 
1304.33 1138.63 
1444.95 1139.2 
1622.98 1139.22 
2413.41 1140.46 
1342.81 1148.26 
1359.37 1147.84 
1444.73 1147.82 
1668.92 1147.88 
1668.92 1147.88 
2169.48 1150.33 
915.981 1152.02 
1149.52 1152.84 
1470.01 1153.63 
1470.01 1153.63 
1422.68 1155.89 
1422.68 1155.89 
2053.06 1159.02 
2110.86 1161.34 
1070.31 1165.48 
1894.67 1165.42 
1796.6 1166.79 
1172.16 1168.11 
1121.42 1169.3 
1130.41 1170.6 
1062.87 1177.41 
1785.67 1179.36 
2237.18 1186.14 
2237.18 1186.14 
474.9 1191.41 
1447.25 1201.92 
1447.25 1201.92 
1858.16 1205.98 
1140.23 1211.17 
2013.17 1211.14 
1151.43 1211.73 
2410.99 1216.95 
678.106 1223.41 
657.8 1224.31 
693.811 1223.92 
2187.83 1226.24 
1827.11 1253.69 
1506.63 1261.01 
2902.71 1263.41 
363.931 1267.64 
2433.57 1276 
2140.84 1282.64 
2140.84 1282.64 
1567.65 1309.17 
2905.93 1317.47 
1740.73 1326.7 
1328.95 1328.62 
878.928 1332.9 
355.633 1334.99 
1789.98 1337.23 
1837.83 1337.38 
1583.54 1338.42 
1627.81 1338.26 
1439.27 1338.49 
948.439 1340.94 
2154.25 1345.97 
663.022 1349.39 
930.054 1350.89 
355.119 1352.84 
2156.7 1354.32 
2142.29 1355.15 
1420.71 1358.07 
2421.11 1358.95 
553.677 1361.64 
354.312 1372.05 
2489.47 1378.25 
1158.6 1381.31 
1372.93 1380.57 
1963.29 1380.93 
1499.07 1383.03 
1758.56 1383.23 
1874.37 1383.45 
1917.37 1383.69 
1496.53 1391.63 
1527.29 1392.15 
1527.29 1392.15 
1905.76 1394.07 
1136.53 1404.2 
1136.53 1404.2 
1540.59 1409.84 
1540.59 1409.84 
1891.77 1413.73 
464.992 1417.49 
2198.19 1425.32 
2330.87 1432.63 
1180.69 1435.01 
1217.24 1435.53 
1364.19 1437.08 
2603.32 1438.82 
2311.04 1441.17 
2641.72 1441.84 
2641.72 1441.84 
1549.86 1446.39 
2654.21 1446.36 
2644.03 1450.56 
2415.34 1454.09 
2240.77 1457.61 
884.018 1465.78 
2254.5 1470.82 
464.9 1473.84 
464.9 1473.84 
463.486 1484.14 
1722.78 1497.98 
2278.96 1500.12 
2278.96 1500.12 
2724.04 1500.7 
2724.04 1500.7 
2579.7 1521.81 
342.763 1525.46 
2254.91 1524.88 
2401.34 1526.05 
2291.82 1527.78 
2301.57 1528.98 
351.109 1529.73 
2298.22 1536.82 
2333.24 1540.09 
1799.52 1542.82 
1826.23 1543.29 
1826.23 1543.29 
457.239 1546.29 
1868.64 1546.28 
1868.64 1546.28 
360.495 1549.84 
351.253 1556.18 
2427.01 1567.2 
2427.01 1567.2 
665.559 1571.63 
457.012 1585.03 
2471.99 1595.6 
2821.43 1620.6 
1755.67 1622.98 
1488.15 1633.86 
493.245 1635.12 
2188.37 1638.59 
2188.37 1638.59 
1860.68 1640.29 
2566.25 1642.6 
2693.95 1645.73 
2336.32 1649.34 
2355.74 1651.17 
1755.44 1652.18 
979.368 1654.15 
2688.62 1654.34 
646.361 1655.23 
1543.25 1664.99 
2119.35 1668.7 
2695.07 1668.65 
2511.2 1672.4 
1321.92 1679.22 
1321.92 1679.22 
1827.56 1679.76 
955.342 1680.77 
2502.28 1681.03 
2246.64 1681.99 
2632.96 1682.55 
1556.97 1687 
1049.51 1688.79 
1354.86 1692.56 
77.5877 1696.93 
1239.65 1701.79 
1239.65 1701.79 
849.659 1713.98 
1705.9 1719.09 
960.072 1722.82 
64.058 1724.44 
1322.35 1725.96 
1681.58 1727.04 
1623.6 1735.99 
1623.6 1735.99 
1313.15 1744.84 
1313.15 1744.84 
1741 1749.18 
585.434 1751.04 
585.434 1751.04 
2409.18 1754.26 
624.944 1755.87 
624.944 1755.87 
1614.52 1772.47 
785.959 1773.55 
785.959 1773.55 
829.407 1778.27 
829.407 1778.27 
878.807 1783.75 
878.807 1783.75 
1381.66 1793 
1381.66 1793 
1352.44 1795.57 
1352.44 1795.57 
1327.03 1797.4 
1337.77 1796.55 
1337.77 1796.55 
2668.36 1803.05 
1229.74 1804.53 
788.762 1806.12 
1074.62 1806.05 
1074.62 1806.05 
1209.02 1805.57 
1209.02 1805.57 
1091.93 1807.93 
1091.93 1807.93 
1121.77 1810.35 
1121.77 1810.35 
1151.99 1809.96 
2224.55 1818.51 
2224.55 1818.51 
1428.01 1822.14 
1409.99 1824 
1362.05 1827.42 
2665.99 1862.19 
825.408 1921.27 
2818.22 20.7715 
1759.91 24.962 
1501.47 33.7232 
2032.34 39.9105 
733.685 41.887 
2339.59 50.0556 
1684.4 54.2594 
1684.4 54.2594 
2772.14 60.3089 
2340.35 61.4266 
1147.34 88.5206 
1499.32 91.6395 
1295.02 94.4431 
1295.02 94.4431 
2149.41 93.9262 
1230.59 105.427 
2775.85 113.781 
2717.02 115.041 
3046.54 129.824 
994.931 132.6 
1401.16 131.091 
912.788 137.671 
1312.17 140.014 
881.769 145.258 
881.769 145.258 
2492.66 150.408 
2778.33 155.795 
2393.14 160.383 
2393.14 160.383 
927.368 162.127 
1890.93 163.419 
2347.72 163.407 
1013.35 169.1 
2364.29 171.24 
2364.29 171.24 
1894.21 174.4 
2281.23 186.392 
1376.39 196.917 
763.845 197.792 
1337.94 200.712 
652.255 203.392 
1118.66 203.54 
883.226 214.029 
1037.95 222.354 
2086.8 223.554 
1246.34 231.804 
2280.76 233.464 
1262.18 235.369 
2250.23 238.761 
1281.11 240.679 
2017.58 242.434 
2017.58 242.434 
2556.94 244.721 
677.284 263.356 
1370.65 263.641 
651.793 278.018 
1801.89 277.988 
1676.92 280.121 
1837.91 279.608 
2064.95 279.853 
2064.95 279.853 
2117.52 280.589 
2287.77 279.85 
2097.38 281.267 
2215.89 288.688 
1252.38 293.81 
1230.63 299.845 
1091.55 308.586 
1175.43 310.647 
1175.43 310.647 
947.606 317.049 
1170.6 322.127 
1170.6 322.127 
1319.54 324.217 
2179.19 324.224 
1066.89 328.011 
1848.25 336.156 
1768.5 340.063 
1768.5 340.063 
1833.57 342.08 
1212.83 349.907 
2852.13 353.799 
802.364 355.834 
802.364 355.834 
2203.28 357.154 
1162.71 361.912 
741.771 369.457 
1112.68 373.991 
1000.63 375.466 
496.626 380.926 
2478.6 392.587 
1973.11 393.442 
2382.25 398.245 
2843.81 400.14 
2381.71 409.446 
1822.49 421.57 
1373.03 423.144 
1906.22 426.721 
2423.55 432.602 
495.955 434.192 
1310.96 436.375 
2085.39 435.52 
2080.12 455.302 
1141.08 471.531 
1843.42 478.146 
1838.07 488.883 
873.975 496.209 
1810.97 498.72 
2403.6 512.342 
2403.6 512.342 
2850.26 514.068 
1430.53 518.748 
1401.61 519.631 
1147.24 530.058 
2273.75 542.511 
1124.57 547.846 
1138.25 547.863 
1422.27 551.739 
1422.27 551.739 
2853.46 564.669 
1104.63 570.391 
642.241 572.259 
1869.94 574.466 
1462.56 578.956 
918.685 588.458 
2856.85 588.092 
1124.64 601.313 
866.011 617.39 
839.124 621.616 
2477.58 624.24 
2122.36 628.115 
1167.38 629.645 
1212.21 644.691 
543.631 648.009 
2872.42 665.07 
1160.07 669.072 
1302.77 702.374 
1274.77 707.792 
2478.52 708.937 
1329.83 710.509 
1329.83 710.509 
1198.1 719.28 
2212.1 719.574 
1249.11 722.19 
871.991 724.682 
2352.14 724.716 
2866.75 729.399 
946.198 741.14 
2168.33 745.552 
921.299 756.267 
1376.38 756.614 
2091.85 759.811 
2699.7 762.081 
2346.59 770.005 
721.811 771.532 
1216.05 775.132 
1501.51 780.889 
1390.81 781.346 
698.611 787.958 
2869.64 791.002 
1394.77 802.829 
2437.44 821.912 
2482.26 821.69 
2798.15 823.269 
2875.07 825.985 
1193.18 830.558 
2490.21 830.616 
1164.98 831.098 
2324.27 848.348 
1633.39 851.899 
2144.18 851.408 
2827.47 866.621 
1464.63 885.353 
872.262 892.694 
1882.04 895.831 
786.293 905.971 
786.293 905.971 
786.293 905.971 
1162.5 906.129 
2887.97 909.525 
1868.44 912.554 
1170.05 914.4 
1028.74 918.095 
1158.05 917.14 
2540.92 921.88 
2540.92 921.88 
1040.04 924.005 
1863.17 927.063 
2878.78 931.579 
1644.13 931.26 
574.727 938.012 
2581.15 939.913 
1692.48 949.475 
2818.25 952.917 
2361.78 953.642 
1623.74 955.69 
2432.55 955.749 
2106.2 974.301 
1305.72 979.667 
2148.97 981.148 
1292.04 990.589 
1044.89 995.961 
578.411 999.58 
713.185 999.453 
1634.67 1008.55 
1657.12 1007.44 
2884.14 1009.65 
1674.04 1018.86 
2720.54 1020.18 
2885.51 1030.27 
1455.57 1033.98 
1429.94 1034.9 
1429.94 1034.9 
1686.21 1040.04 
1052.21 1050.03 
1137.55 1055.51 
1159.8 1055.33 
2139.74 1057.79 
2139.74 1057.79 
1686.42 1063.82 
1686.42 1063.82 
2414.3 1063.93 
2414.3 1063.93 
1458.8 1072.61 
1677.95 1085.55 
1138.84 1089.54 
2563.86 1097.93 
2563.86 1097.93 
1075.86 1099.95 
1834.43 1103.7 
779.35 1108.04 
1901.91 1111.89 
979.55 1115.13 
979.55 1115.13 
704.168 1117.05 
954.319 1117.58 
1069.68 1119.83 
1752.54 1122.33 
1251.59 1133.64 
1251.59 1133.64 
1679.82 1134.51 
1292.18 1140.26 
1282.4 1145.37 
2844.6 1146.54 
2023.22 1154.89 
1300.67 1158.87 
1241.2 1166.04 
709.48 1169.37 
2896.03 1175.51 
1609.48 1178.11 
465.313 1179.01 
353.697 1194.44 
2302.34 1195.51 
1434.96 1199.84 
1460.27 1199.81 
1151.44 1210.82 
2204.56 1215.57 
2897.78 1215.49 
2463.67 1222.73 
2073.17 1232.03 
654.472 1248.49 
2396.59 1248.12 
2494.43 1247.52 
2035.86 1252.27 
2318.57 1251.5 
2293.55 1257.37 
2902.64 1263.89 
2549.27 1269.7 
636.643 1279.34 
636.643 1279.34 
627.544 1288.36 
636.292 1297.59 
636.292 1297.59 
2904.63 1298.46 
2905.98 1318.38 
656.518 1320.52 
622.093 1324.93 
361.835 1326.23 
1489.73 1328.81 
1352.35 1329.05 
2218.67 1330.86 
2218.67 1330.86 
2204.77 1331.41 
859.744 1333.25 
1223.37 1338.91 
1262.97 1338.63 
1482.15 1337.39 
1542.36 1337.69 
1789.45 1337.1 
1789.45 1337.1 
1838.74 1337.61 
1397.75 1339.83 
834.308 1341.99 
1289.71 1343.78 
364.015 1347.59 
1606.3 1349.11 
2389.02 1349.98 
2676.15 1362.23 
474.372 1363.86 
1708.84 1384.35 
1727.09 1394.14 
1679.49 1410.17 
1679.49 1410.17 
464.099 1417.11 
2565.91 1427.54 
2286.7 1431.75 
701.266 1435.36 
1088.55 1440.81 
474.85 1441.45 
2298.79 1441.73 
2477.27 1442.05 
1969.24 1447.68 
2469.06 1449.78 
2306.99 1451.3 
2505.44 1451.31 
2483.27 1454.6 
2903.43 1465.67 
2915.57 1465.06 
2813.28 1483.54 
2917.36 1507.18 
2942.58 1515.29 
460.042 1524.6 
2508.93 1527.91 
2508.93 1527.91 
2651.63 1528.05 
2154.07 1529.31 
2574.72 1531.12 
367.962 1540.11 
455.056 1582.2 
1280.09 1591.61 
1754.89 1609.82 
2106.32 1617.4 
2338.55 1639.85 
2356.68 1641.59 
2583.33 1641.78 
2268.97 1644.38 
2186.34 1647.46 
2412.64 1647.66 
2407.6 1658.08 
1921.74 1660.06 
2346.53 1661.66 
2670.12 1662.51 
2651.99 1663.98 
2247.29 1666.32 
2474.7 1673.04 
1802.24 1679.64 
1802.24 1679.64 
2246.64 1681.85 
1220.4 1689.99 
2364.06 1689.22 
2600.15 1700.19 
2715.78 1713.72 
2715.78 1713.72 
276.018 1719.73 
1254.56 1720.45 
1369.61 1721.14 
1269.29 1729.72 
1281.82 1747.8 
1722 1747.25 
2399.22 1753.43 
2399.22 1753.43 
712.14 1765.05 
712.14 1765.05 
1516.79 1771.45 
1516.79 1771.45 
1497.01 1777.37 
1497.01 1777.37 
586.762 1780.13 
861.2 1781.9 
861.2 1781.9 
935.18 1790.08 
935.18 1790.08 
718.97 1796.59 
993.775 1796.5 
993.775 1796.5 
2712.97 1798.73 
1116.72 1800.89 
840.052 1811.89 
877.903 1816.92 
1883.31 1816.27 
1240.85 1835.63 
1240.85 1835.63 
2776.36 1867.3 
2834.6 1884.77 
697.449 1916.6 
2493.32 21.2712 
2819.06 41.4777 
1463.46 47.5589 
1844.34 74.8289 
2344.35 74.1413 
2709.95 74.0064 
2777.52 82.9901 
1859.73 89.4346 
2210.12 91.4162 
1843.47 98.1998 
1868.33 99.9383 
2728.55 107.878 
2537.02 131.869 
2537.02 131.869 
1007.16 137.011 
2836.51 135.295 
2766.22 138.564 
2781.61 141.646 
1569.72 156.625 
1569.72 156.625 
2190.77 164.852 
2768.45 164.729 
2768.45 164.729 
1135.9 178.41 
2360.16 185.59 
959.717 187.673 
1124.4 188.389 
2224.91 196.355 
2826.37 205.063 
1304.7 204.852 
712.023 212.072 
712.023 212.072 
1431 211.849 
1234.38 216.34 
2331.16 235.594 
2287.09 243.702 
499.748 253.041 
2144.28 259.732 
2171.24 266.339 
2122.19 268.378 
1456.32 280.066 
1508.58 286.952 
1498.97 289.272 
1614.41 294.172 
1265.6 297.475 
2326.58 301.711 
1724.93 304.288 
966.015 310.045 
966.015 310.045 
689.63 325.034 
961.187 323.777 
1857.89 323.847 
1840.7 327.563 
2279.61 342.006 
2130.06 362.721 
760.871 365.057 
717.857 372.076 
2083.13 375.469 
2356.23 403.873 
1421.59 411.605 
2340.25 418.168 
2094.4 422.584 
2856.32 422.76 
1350.39 425.902 
2220 431.591 
1753.19 437.305 
1232.14 450.348 
1533.74 483.751 
1636.36 483.416 
1813.93 487.729 
348.23 518.125 
1376.66 530.351 
1469.12 534.814 
1436.41 560.242 
1423.53 584.886 
1942.38 605.907 
2486.64 610.623 
1135.83 611.453 
2461.24 618.153 
2440.17 620.851 
2440.17 620.851 
2505.51 621.587 
2453.76 632.119 
492.218 633.896 
2859.24 651.738 
2028.67 672.311 
2861.96 674.177 
2006.71 677.018 
1289.33 702.939 
1289.33 702.939 
1316.67 704.811 
1262.67 712.561 
1262.67 712.561 
1341.51 718.902 
2219.25 729.265 
1238.92 731.877 
1360.07 741.381 
1228.84 746.568 
1721.52 757.673 
2826.49 763.487 
2006.33 770.522 
1479.68 783.095 
1465.62 794.243 
583.87 805.707 
2093.61 815.885 
1177.37 821.003 
2506.97 821.501 
2291 840.324 
2068.75 872.063 
1432.53 889.714 
1140.95 918.642 
2521.81 928.572 
2521.81 928.572 
2537.97 935.131 
1641.63 943.881 
2479.62 943.838 
2479.62 943.838 
2459.76 948.61 
2459.76 948.61 
2879.3 953.972 
2063.34 962.702 
2882.66 986.459 
1645.42 1015.8 
1306.61 1055.21 
2661.81 1058.71 
2499.15 1068.74 
1431.61 1072.2 
2552.64 1073.79 
1249.66 1076.78 
2381.84 1083.42 
1261.24 1094.13 
1284.23 1111.4 
1284.23 1111.4 
1232.57 1120.86 
1164.16 1124.36 
2157.21 1148.54 
2133.89 1150.27 
2894.54 1153.66 
1857.18 1159.29 
2157.96 1160.34 
1569.36 1173.44 
1393.62 1184.92 
2202.24 1192.42 
1905.83 1194.41 
332.665 1196.4 
2224.17 1199.93 
2597.31 1212.17 
478.131 1223.68 
2317.99 1226.06 
2429.25 1235.67 
2898.25 1241.96 
2126.28 1254.78 
646.267 1287.75 
646.267 1287.75 
764.152 1290.04 
846.654 1321.88 
869.364 1321.12 
869.364 1321.12 
475.657 1329.31 
1530.77 1330.88 
2108.58 1332.82 
1888.83 1336.88 
1303.82 1339.99 
2070.19 1352.22 
463.696 1371.51 
474.183 1383.32 
2908.47 1386.82 
2284.39 1418.66 
2149.11 1428.84 
2149.11 1428.84 
2504.36 1439.38 
2504.36 1439.38 
1253.74 1446.48 
2551.83 1450.53 
2293.37 1453.64 
475.646 1458.66 
827.623 1461.55 
862.991 1461.64 
1343.18 1463.55 
1700.37 1468.15 
639.556 1477.87 
1764.74 1483.49 
1963.48 1488.25 
319.925 1504.87 
1487.14 1512.14 
2229.32 1516.13 
2359.14 1529.05 
2937.64 1528.35 
1435.15 1531.01 
1460.98 1529.56 
1360.08 1534.41 
2359.79 1543.39 
1175.83 1543.48 
2149.87 1553.5 
2953.3 1568.58 
2953.3 1568.58 
303.19 1577.94 
2803.2 1582.68 
453.106 1603.39 
2237.52 1618.31 
2248.41 1622.06 
2304.32 1634.7 
2304.32 1634.7 
2249.5 1636.38 
2249.5 1636.38 
2320.18 1635.36 
1742.91 1650.32 
2325.48 1650.82 
2167.48 1653.4 
2214.88 1655.9 
2185.24 1659.6 
1730.48 1667.07 
2490.71 1674.47 
2602.55 1688.27 
1704.07 1730.93 
2110.49 1733.45 
1860.31 1756.8 
2798 1774.98 
2716.8 1800.44 
969.776 1826.83 
1064.79 1837.35 
1133.39 1841.93 
1159.68 1841.25 
2691.6 1850.12 
2773.1 1865.8 
508 54.3083 
1566.88 69.7171 
507.758 84.2968 
1531.26 92.548 
2835.24 100.047 
1741.95 120.454 
2822.02 137.373 
2509.86 141.718 
1092.18 149.565 
505.857 160.518 
150.175 168.302 
1261.61 181.587 
902.51 192.836 
2825.67 208.23 
1355.29 262.601 
1355.29 262.601 
2848.13 283.169 
1215.66 308.064 
1679.63 313.168 
1927.39 327.358 
501.266 339.485 
2186.08 340.146 
2141.04 358.555 
694.65 375.495 
2411.73 397.964 
2391.22 410.944 
2391.22 410.944 
2882.21 413.761 
2219.36 417.523 
1329.95 428.424 
1677.64 472.54 
1096.67 477.672 
1420.04 496.209 
1647.8 505.752 
3051.42 516.71 
1653.29 521.892 
2272.49 526.667 
2063.43 560.808 
1623.95 582.319 
1623.95 582.319 
493.824 585.882 
1810.84 604.875 
828.213 607.805 
828.213 607.805 
2121.54 644.605 
2121.54 644.605 
2882 737.095 
2181.46 757.978 
1224.74 760.484 
1224.74 760.484 
2883.15 766.69 
490.113 794.016 
1272.13 815.335 
2196.84 842.49 
2196.84 842.49 
488.252 847.078 
2931.67 920.12 
2915.37 931.612 
2507.67 938.729 
2080.33 973.572 
809.242 981.93 
2080.98 990.749 
738.285 999.485 
2561.17 1059.04 
482.474 1083.28 
481.62 1112.52 
1321.46 1154.74 
479.244 1157.33 
1331.39 1172.02 
465.262 1178.79 
2522.39 1221.97 
2402.26 1236.14 
2402.26 1236.14 
2342.62 1256.76 
479.954 1276.29 
843.289 1291.43 
1546.38 1295.67 
1606.07 1295.55 
1606.07 1295.55 
1814.72 1295.25 
1039.23 1304.44 
1039.23 1304.44 
774.731 1306.09 
830.304 1305.55 
1251.09 1324.05 
1727.09 1330.36 
378.05 1335.79 
759.695 1344.93 
1374.28 1343.45 
819.399 1347.82 
725.563 1384.33 
2169.2 1383.24 
1555.61 1385.75 
1758.44 1387.5 
2402.38 1402.21 
2437.1 1440.4 
1112.32 1445.51 
2264.14 1453.17 
2439.29 1457.4 
1905.68 1487.31 
450.146 1495.65 
2218.73 1594.57 
2142.55 1612.68 
355.938 1618.78 
2096 1630.19 
402.039 1638.71 
2677.49 1642.8 
2305.26 1649.18 
2952.65 1654.36 
2432.94 1658.46 
2449.71 1673.86 
2430.65 1676.11 
1378.37 1708.21 
1378.37 1708.21 
2435.27 1763.47 
2674.13 1790.45 
1726.5 1797.19 
2692.14 1797.85 
2787.68 1800.54 
2721.37 1802.4 
1099.78 1821.6 
1107.25 1842.01 
2009.44 117.166 
1786.79 147.585 
1786.79 147.585 
1325.41 158.439 
2851.51 310.835 
500.314 481.274 
1363.81 493.033 
2848.41 546.313 
1665.79 580.587 
2292.41 628.213 
493.564 678.968 
1008.7 686.851 
1008.7 686.851 
1651.06 717.879 
1212.06 789.648 
2888.55 815.817 
1316.12 849.467 
2102.05 850.985 
2167.75 869.28 
2092.18 870.797 
1910.96 880.317 
1303.3 903.813 
489.138 931.334 
1277.46 931.643 
2093.57 957.011 
487.786 965.692 
2132.67 973.831 
2819.81 984.514 
2081.56 991.335 
1893.48 1024.91 
1566.64 1086.94 
731.18 1092.67 
833.954 1097.18 
833.954 1097.18 
463.487 1177.82 
964.433 1175.72 
829.437 1224.02 
1781.97 1290.33 
874.094 1304.31 
637.983 1311.19 
637.983 1311.19 
637.983 1311.19 
1507.74 1310.52 
1723.23 1311.31 
380.797 1335.67 
747.041 1364.66 
478.904 1432.45 
1420.79 1453.31 
1420.79 1453.31 
447.424 1497.84 
1914.81 1517.38 
2647.89 1528.54 
2860.78 1582.44 
1746.03 1585.83 
2297.87 1613.33 
2365.99 1622.65 
2099.28 1632.36 
522.889 1642.4 
2526.38 1642.47 
2371.24 1672.47 
2607.82 1670.62 
2554.12 1684.03 
2807.28 1796.16 
1483.81 1799.46 
760.615 1803.88 
851.188 1814.94 
2677.17 1855.76 
2820.69 1876.36 
2748.74 195.404 
483.975 273.792 
1651.53 270.45 
2716.47 296.305 
1777.36 304.752 
1332.2 331.539 
1226.53 356.787 
1176.1 369.002 
1125.26 380.941 
1072.85 392.415 
504.504 405.456 
2089.47 446.012 
1169.35 541.263 
1282.77 629.138 
1450.72 645.137 
2778.54 642.775 
1155.23 691.427 
2806.44 704.74 
2883.64 718.702 
2327.95 722.656 
2743.18 737.515 
1562.82 747.285 
2812.03 780.888 
1320.15 813.438 
982.479 814.097 
2751.47 830.962 
2518.51 847.24 
491.699 900.866 
1308.07 1026 
2912.22 1039.9 
838.455 1048.2 
2890.88 1063.92 
2542.54 1081.38 
2916.44 1082.49 
2923.66 1128.47 
2928.66 1164.67 
2805.29 1179.79 
2898.72 1244.5 
2220.21 1261.56 
639.012 1263.93 
2904.9 1292.63 
2907.98 1352.39 
2382.38 1372.24 
855.265 1386.46 
2910.1 1389.19 
899.458 1451.33 
956.386 1450.2 
956.386 1450.2 
1287.33 1454.23 
1321.56 1454.13 
438.837 1634.77 
2383.12 1647.75 
1053.73 1844.63 
2747.24 1856.37 
516.396 32.2949 
2701.54 56.3446 
2734.91 74.8176 
2703.6 128.116 
509.191 296.674 
3036.15 413.978 
2734.9 525.049 
503.914 559.675 
1290.59 838.737 
1639.7 867.851 
1639.7 867.851 
2905.74 921.805 
493.128 998.728 
2792.58 1047.02 
1319.96 1059.18 
1043.83 1128.09 
1756.74 1138.27 
2934.28 1287.49 
1043.06 1452.61 
1043.06 1452.61 
1116.94 1452.26 
1198.94 1453.67 
2789.32 1463.85 
2947.45 1504.18 
510.723 1612.88 
1185.35 1734.39 
2742.72 1807.57 
2742.72 1807.57 
520.633 101.167 
2803.82 113.525 
1297.77 186.991 
2806.61 181.717 
2814.59 237.536 
1518.86 501.053 
360.288 522.065 
360.288 522.065 
2837.66 589.674 
2844.02 656.167 
2850.92 717.099 
2777.05 736.346 
2777.05 736.346 
2869.18 932.14 
497.254 996.149 
386.341 1241.91 
343.968 1268.71 
343.968 1268.71 
2340.45 1275.95 
491.493 1295.34 
2819.03 1416.96 
2819.03 1416.96 
2952.56 1499.72 
2784.94 1830.77 
2784.94 1830.77 
1051.32 1846.92 
518.141 214.257 
2822.66 370.377 
1418.21 394.413 
516.678 423.608 
1104.31 653.054 
1411.34 691.897 
1175.13 789.963 
506.653 795.844 
1521.95 823.758 
1643.22 1090.1 
2881.65 1121.13 
490.861 1474.76 
336.692 1551.36 
336.692 1551.36 
107.892 1634.18 
1581.7 512.154 
1187.16 554.574 
1187.16 554.574 
973.611 643.271 
514.57 674 
1467.22 751.923 
1348.27 855.314 
1881.66 964.054 
1360.09 1026.37 
506.359 1088.75 
1917.16 1505.45 
2104.91 1581.78 
112.417 1635.01 
1760.88 1716.5 
1696.33 1785.95 
1158.7 1801.55 
1034.25 417.973 
1034.25 417.973 
977.583 846.484 
1215.9 851.071 
517.39 982.36 
1296.35 1096.43 
1277.44 1186.5 
2275.72 1310.01 
1827.99 1428.67 
1092.18 1548.99 
985.213 516.697 
1273.53 945.981 
2792.75 381.168 
2812.82 951.796 
2829.22 1206.09 
1846.96 762.243 
1896.66 998.713 
1512.8 1733.23 
1163.19 698.616 
158.618 765.089 
100.701 1662.1 
100.701 1662.1 
285.224 1031 
1960.82 67.3905 
2810.63 183.634 
1029.92 44.2715 
474.956 94.4327 
474.956 94.4327 
509.376 155.064 
2419.93 349.864 
104.778 1229.77 
1665.81 1672.59 
2411.95 456.112 
393.178 310.838 
350.454 323.387 
352.586 392.171 
2011.84 609.228 
2051.91 1390.89 
3021.33 1676.09 
680.219 775.13 
1285.05 893.7 
1275.88 943.321 
394.202 949.091 
394.202 949.091 
397.916 951.942 
1398.73 1131.37 
2351.18 1315.78 
2352.5 1329.3 
644.097 1333.82 
188.67 1661.74 
7.31501 1746.84 
1657.02 37.296 
1657.02 37.296 
1964.63 68.0039 
1462.12 17.7367 
1873.98 61.7841 
1873.98 61.7841 
1731.13 62.9822 
2009.23 93.735 
2809.3 181.08 
2809.3 181.08 
405.088 802.581 
1019.3 16.8224 
2788.91 73.6654 
2795.52 72.088 
1030.72 39.6473 
1030.72 39.6473 
1800.21 125.508 
1730.12 121.144 
2150.37 166.375 
2260.82 182.738 
1819.53 146.802 
2732.38 236.974 
1802.38 177.059 
542.265 63.9828 
2215.3 220.703 
2384.63 249.263 
2384.63 249.263 
476.614 90.6325 
2788.91 73.6654 
1851.22 243.056 
948.044 182.071 
953.367 183.204 
399.568 165.306 
1342.65 250.811 
978.224 230.088 
478.809 191.845 
478.809 191.845 
733.264 214.049 
324.815 183.025 
737.745 223.181 
2198.01 363.394 
2265.95 375.157 
864.258 263.975 
378.052 241.38 
378.052 241.38 
2589.09 445.017 
1919.78 408.586 
1919.78 408.586 
2441.19 456.613 
312.242 394.072 
2604.58 333.671 
781.232 267.068 
2638.64 538.612 
2546.12 534.684 
804.139 430.059 
166.94 405.73 
665.174 447.874 
2328.94 580.557 
505.859 454.073 
2230.36 586.536 
886.143 495.208 
1110.09 522.105 
2086.41 603.286 
333.554 514.408 
2405.92 675.316 
1980.85 649.384 
473.004 949.354 
2709.72 736.353 
775.356 618.823 
463.755 645.42 
2673.74 856.071 
141.717 1021.99 
1298.58 802.935 
419.932 800.077 
419.932 800.077 
405.088 802.581 
386.576 805.378 
2983.56 1361.73 
885.78 244.275 
2405.92 675.316 
1276.94 894.317 
2444.9 127.545 
1547.77 1259.63 
2711.65 88.3736 
1232.01 947.127 
2900.73 165.577 
1275.88 943.321 
2245.73 991.021 
2846.97 469.667 
1343.85 975.729 
522.194 946.539 
510.648 946.845 
510.648 946.845 
707.014 957.769 
2614.49 1076.76 
1331.46 1026.79 
1322.34 1028.53 
1320.04 1032.14 
2512.16 1106.82 
2512.16 1106.82 
1279.03 1068.09 
2866.87 856.477 
2812.12 281.65 
1381.9 1123.51 
2314.51 1204.03 
2352.21 1277.54 
577.986 1250.49 
577.986 1250.49 
2352.49 1301.95 
570.701 1259.84 
2706.09 1371.63 
2367.49 1367.22 
105.153 1564.36 
2356.35 1666.52 
2690.11 1674.89 
2781.3 1672.08 
730.883 1898.72 
22.8225 1842 
20.9132 1933.12 
3027.26 1620.6 
2577.73 97.3313 
1879.62 28.2882 
1884.9 32.6284 
2154.85 64.7294 
2553.73 108.068 
1962.5 49.1498 
2126.08 69.413 
1966.37 54.2917 
1966.37 54.2917 
2535.83 112.268 
1753.82 47.2717 
2240.9 98.7888 
1109.69 21.527 
468.776 1196.81 
686.394 852.923 
2221.04 136.811 
1553.88 79.1249 
1524.62 76.9163 
1851.77 109.392 
1030.72 39.6473 
647.204 6.87659 
1765.06 123.531 
809.142 35.1359 
2074.5 164.6 
2474.44 206.904 
2474.44 206.904 
1673.96 131.916 
946.636 72.7596 
2302.99 201.182 
2302.99 201.182 
2414.15 214.696 
2113.18 189.982 
127.079 1141.05 
1053.1 90.4159 
2926.21 742.255 
1349.64 125.435 
1793.68 170.115 
2155.58 205.162 
2912.46 425.071 
1937.92 190.402 
688.612 84.2223 
2871.62 1049.45 
498.132 84.2872 
1058.97 138.47 
1058.97 138.47 
1820.46 210.795 
1925.59 224.409 
746.193 121.072 
746.193 121.072 
737.135 125.612 
2402.38 278.625 
2402.38 278.625 
1883.09 233.774 
331.248 109.991 
2413.74 296.411 
2268.71 289.458 
2268.71 289.458 
1892.74 262.375 
1892.74 262.375 
1860.23 263.578 
2360.62 308.318 
592.053 160.878 
1964.41 285.264 
1964.41 285.264 
2320.45 317.951 
1931.73 287.748 
1931.73 287.748 
1942 294.031 
999.436 229.03 
2318.82 344.78 
2318.82 344.78 
2349.91 352.461 
924.426 234.754 
193.951 172.312 
732.234 219.293 
2856.52 407.159 
2581.95 383.374 
2581.95 383.374 
1111.05 281.028 
2261.49 371.948 
911.164 265.871 
1111.05 281.028 
419.493 232.873 
646.877 855.993 
2095.43 381.828 
1793.44 361.128 
446.912 252.114 
1783.04 364.382 
324.686 248.262 
671.133 273.865 
1973.12 790.163 
2551.61 444.656 
1921.38 398.234 
2548.11 449.561 
552.361 294.679 
1890.43 405.4 
538.224 298.097 
2042.38 418.594 
529.693 299.055 
1914.82 416.715 
2182.12 450.825 
2362.6 466.985 
2326.74 469.609 
317.901 325.166 
649.629 351.157 
2227.89 475.99 
2227.89 475.99 
694.168 371.407 
2003.33 476.616 
2105.9 489.854 
2588.99 530.404 
2588.99 530.404 
2544.38 530.618 
437.751 378.805 
428.385 380.057 
1714.11 473.832 
1971.07 494.347 
1971.07 494.347 
104.778 1229.77 
104.778 1229.77 
415.401 385.725 
766.658 267.839 
896.485 423.514 
2892.86 136.968 
1472.08 475.003 
312.242 394.072 
782.308 432.826 
2520.06 564.113 
166.292 397.894 
574.749 443.023 
887.218 472.808 
1871.44 548.721 
1871.44 548.721 
1918.63 552.344 
2293.92 578.486 
2267.42 584.301 
2267.42 584.301 
2174.46 597.201 
2755.4 125.699 
2166.28 605.572 
461.968 489.932 
507.803 717.311 
2229.39 1093.3 
649.776 513.421 
780.536 522.897 
496.306 504.733 
364.945 502.176 
2828.59 1594.74 
341.315 509.269 
341.315 509.269 
349.543 511.909 
1867.12 615.664 
634.822 534.738 
2170.26 651.465 
720.81 560.867 
1665.81 1672.59 
2356.95 1641.64 
1292.18 631.07 
2687.34 735.121 
468.776 1196.81 
960.308 635.713 
2521.7 1093.91 
299.34 607.374 
475.822 628.532 
2459.73 763.061 
2291.7 773.807 
880.124 692.588 
889.76 693.759 
2352.9 785.69 
1021.63 727.501 
635.277 711.86 
636.797 717.486 
1973.12 790.163 
544.185 718.263 
579.67 722.038 
452.478 718.774 
518.152 726.046 
411.776 730.83 
956.612 759.573 
151.053 722.877 
2387.89 89.4534 
2793.73 369.3 
1284.19 807.051 
1272.41 807.039 
589.463 777.338 
2909.46 132.225 
2117.02 903.166 
1308.9 868.69 
769.191 849.001 
1251.66 872.985 
749.33 270.049 
686.394 852.923 
1243.75 881.189 
633.438 855.912 
2221.82 936.766 
816.89 425.302 
2339.87 1640.61 
1232.08 900.765 
1229.71 911.453 
1270.27 918.367 
2392.15 982.128 
1347.55 942.788 
2335.99 988.673 
2281.23 988.856 
1339.06 949.894 
2262.14 991.666 
2958.27 1547.33 
1275.88 943.321 
1276.12 953.513 
2367.99 1003.74 
634.17 938.578 
403.983 932.452 
403.983 932.452 
1289.41 974.5 
1302.95 979.51 
1318.12 982.626 
473.004 949.354 
473.004 949.354 
2682.11 1066.66 
1332.22 1021.17 
1332.22 1021.17 
1606.8 142.651 
1321.81 1023.77 
1312.79 1023.97 
2624.62 1079.67 
1670.83 1045.68 
2852.15 418.596 
1665.15 1049.36 
1676.17 1049.88 
1334.24 1040.76 
1675.18 1056.68 
633.438 855.912 
1681.85 1060.08 
1670.43 1060.64 
2294.56 1085.2 
2294.56 1085.2 
2341.04 1094.29 
2309.02 1094.03 
2229.39 1093.3 
646.877 855.993 
104.778 1229.77 
1288.13 1065.19 
2275.55 1103.95 
537.846 1041.02 
537.846 1041.02 
983.604 1058.66 
458.121 1044.22 
1275.5 1074.65 
1242.92 1075.2 
443.021 383.229 
2911.01 528.794 
1317.71 1084.86 
1281.39 1095.26 
1345.31 1113.14 
1345.91 1118.63 
2759.06 1168.12 
2759.06 1168.12 
2601.57 1168.13 
2627.71 1169.82 
2496.67 1168.98 
2515.36 1170.12 
2453.21 1168.59 
900.393 1123.06 
1170.67 984.189 
1169.36 1148.88 
2258.09 1186.94 
2478.87 228.117 
312.862 1141.86 
312.862 1141.86 
2557.06 1247.05 
579.536 1192.97 
2411.03 1248.94 
366.745 1207.28 
366.745 1207.28 
2230.01 1264.1 
765.147 1239.82 
344.334 1240.47 
768.49 1252.58 
2353.58 1293.61 
597.533 1257.41 
2170.65 1296.01 
634.17 938.578 
2157.45 1300.43 
502.797 1272.81 
124.277 1307.28 
627.497 1323.03 
627.497 1323.03 
1081.07 1337.84 
1475.92 1345.44 
1248.48 1341.94 
876.837 1335.65 
2159.99 1366.65 
123.498 1327.56 
123.498 1327.56 
661.68 1369.67 
835.08 1375.22 
835.08 1375.22 
835.08 1375.22 
1012.29 1378.14 
1200.26 1382.86 
1400.67 1387.04 
2196.76 1446.17 
1397.83 1470.64 
295.589 1458.69 
2389.37 1498.02 
2165.66 1530.15 
2174.65 1535.71 
2179.41 1548.12 
2179.41 1548.12 
2162.68 1611 
282.074 1617.77 
281.089 1634.55 
927.26 1640.73 
1488.99 1662.94 
60.5722 1642.05 
140.496 1306.38 
2138.83 1669.08 
2133.26 1672.03 
2380.23 1673.97 
2690.11 1674.89 
2286.77 1680.9 
2286.77 1680.9 
2184.69 1682.94 
773.676 1709.16 
1262.74 1715.67 
1262.74 1715.67 
537.846 1041.02 
730.883 1898.72 
2391.05 1876.81 
2391.05 1876.81 
20.9132 1933.12 
1922.25 1929.77 
1922.25 1929.77 
20.9132 1933.12 
20.9132 1933.12 
2052.99 1401.68 
104.778 1229.77 
2618.54 101.035 
2444.9 127.545 
2246.22 67.3495 
2246.22 67.3495 
2172.78 62.2749 
1992.61 44.9315 
1844.42 32.2902 
1828.68 33.0642 
2075.56 59.9124 
1873.72 41.5322 
2117.41 73.7394 
633.438 855.912 
486.078 950.028 
2806.65 179.558 
164.428 471.937 
2312.78 144.826 
1312.19 47.0033 
163.824 483.521 
2407.54 157.48 
1923.67 114.942 
2789.48 277.001 
1251.37 51.8472 
1251.37 51.8472 
1016.93 41.4093 
2232.07 160.19 
1253.61 1493.94 
775.063 20.3751 
2212.47 161.154 
1127.51 60.0231 
2195.72 163.589 
968.547 47.2529 
1759.99 127.926 
2149.55 172.118 
1565.82 122.154 
2958.36 1547.8 
2545.11 219.91 
2545.11 219.91 
2793.73 369.3 
1647.35 136.262 
1078.02 85.8112 
2512.99 224.21 
2512.99 224.21 
1017.36 89.1954 
1017.36 89.1954 
2478.87 228.117 
2846.97 469.667 
2172.87 203.913 
2172.87 203.913 
1979.4 191.599 
2238.8 222.403 
1750.69 179.79 
2380.52 239.332 
2545.11 219.91 
1897.26 198.226 
2528.77 228.384 
1880.52 198.119 
1880.52 198.119 
528.593 72.9547 
1536.07 166.145 
1904.08 204.198 
1893.09 204.469 
2224.68 234.233 
2362.74 247.667 
2418.96 252.945 
2418.96 252.945 
1846.36 201.264 
706.992 271.622 
2394.03 461.562 
523.434 81.39 
523.434 81.39 
1812.2 201.733 
1831.26 203.231 
2465.47 454.282 
2209.23 241.491 
1851.19 212.533 
631.401 101.748 
1648.36 201.563 
436.472 94.794 
894.27 1478.54 
2723.85 305.067 
1723.73 223.922 
974.93 157.521 
1706.03 223.701 
2790.91 325.385 
2336.31 285.255 
2607.07 310.075 
1838.44 242.35 
1838.44 242.35 
709.19 143.276 
2545.11 219.91 
2524.95 222.972 
1930.04 260.255 
2408.24 302.768 
600.802 143.819 
2083.39 281.181 
1988.02 279.607 
576.536 164.377 
472.552 159.638 
1914.59 288.864 
1389.66 243.744 
3021.33 1676.09 
1886.57 296.147 
2117.9 317.798 
2420.86 344.414 
2408.89 347.245 
299.34 607.374 
2077.2 321.201 
2411.26 353.116 
721.534 208.74 
1834.93 305.762 
2374.35 352.295 
2049.59 325.282 
603.843 857.575 
655.629 211.269 
2034.29 330.651 
188.843 176.609 
508.037 641.811 
885.78 244.275 
318.558 1043.81 
1397.92 1470.86 
2586.67 399.799 
461.492 222.618 
2348.86 381.684 
2676.81 420.162 
2676.81 420.162 
781.232 267.068 
1074.25 293.121 
451.077 246.268 
2257.84 399.937 
2055.01 384.968 
2055.01 384.968 
1000.9 297.152 
2236.2 403.462 
2614.75 439.926 
2163.86 406.307 
1751.64 375.605 
1895.51 401.092 
1895.51 401.092 
1875.24 407.112 
485.443 299.338 
534.099 305.03 
2357.9 451.369 
2438.22 460.941 
1987.04 427.113 
2327.62 463.606 
318.934 313.197 
2205.06 467.614 
2166.43 468.622 
2903.95 97.114 
2181.53 485.539 
1618.04 446.196 
2132.02 492.71 
2112.77 494.19 
472.887 372.413 
914.578 408.738 
1613.71 461.066 
2588.67 537.714 
2513.63 533.28 
2513.63 533.28 
903.811 417.378 
442.235 389.597 
398.869 389.041 
829.855 424.014 
816.89 425.302 
2480.13 547.808 
306.139 396.337 
1406.02 475.294 
2001.91 521.789 
2493.71 557.374 
1468.19 480.747 
1424.38 479.209 
1111.43 515.537 
1111.43 515.537 
2491.07 564.951 
1917.7 524.26 
1917.7 524.26 
2221.03 556.02 
2355.22 572.225 
2325.31 571.173 
2311.57 571.911 
2311.57 571.911 
2293.79 571.735 
931.883 505.536 
886.258 480.972 
886.258 480.972 
1161.7 498.085 
2246.65 591.302 
2354.67 1537.98 
2211.41 594.851 
1160.92 524.979 
2166.09 598.173 
2034.29 330.651 
2073.74 593.435 
2144.34 600.647 
800.057 518.171 
403.292 495.82 
163.824 483.521 
1130.64 551.508 
755.961 531.61 
1973.16 615.757 
1983.21 622.551 
1983.21 622.551 
2720.84 1165.64 
1925.14 19.3212 
701.217 561.879 
719.484 567.646 
2338.39 672.978 
541.187 569.715 
2201.93 680.865 
569.759 941.871 
286.188 880.919 
2088.78 694.158 
2070.33 705.504 
2284.47 723.846 
104.778 1229.77 
1881.18 705.977 
508.037 641.811 
2049.59 325.282 
2433.77 762.837 
2433.77 762.837 
1361.76 676.186 
885.78 244.275 
2349.23 778.329 
600.95 1657.33 
753.167 696.25 
753.167 696.25 
1666.03 748.995 
1666.03 748.995 
730.311 698.65 
2361.94 792.391 
2352.88 287.576 
1396.25 737.94 
1396.25 737.94 
1018.72 720.466 
2585.88 815.305 
1973.12 790.163 
1662.07 780.166 
517.041 720.331 
1890.74 799.984 
1890.74 799.984 
2223.21 818.506 
445.985 722.574 
411.819 723.735 
401.843 725.19 
390.523 728.679 
150.312 735.176 
1291.9 801.959 
687.361 772.453 
664.964 774.205 
664.964 774.205 
755.797 779.691 
149.888 748.751 
616.4 778.923 
2309.53 1640.31 
886.143 495.208 
617.151 786.841 
1251.11 819.514 
2165.93 870.015 
149.142 408.484 
149.142 408.484 
139.303 1082.09 
1257.22 825.047 
2115.94 871.624 
2127.32 871.308 
2210.62 881.236 
2164.46 882.411 
156.501 746.331 
2764.99 933.121 
1261.64 867.382 
771.841 854.998 
1669.53 903.549 
646.877 855.993 
565.129 856.611 
603.843 857.575 
603.843 857.575 
1433.31 896.266 
1433.31 896.266 
1237.47 891.195 
672.243 873.481 
2240.05 961.169 
2700.72 982.81 
2609.66 982.107 
2291.87 971.754 
286.188 880.919 
2619.09 988.307 
2326.91 985.377 
2370.38 989.347 
2370.38 989.347 
2449.36 1005.28 
1476.55 963.355 
1354.95 958.705 
1360.78 959.938 
1223.57 944.257 
2445.37 1010.94 
1170.67 984.189 
1513.21 974.372 
1151.1 985.152 
380.183 930.89 
1120.59 1149.94 
1349.72 973.155 
597.248 942.835 
1296.63 972.022 
1296.63 972.022 
543.125 941.099 
455.729 945.162 
517.041 720.331 
1328.51 981.895 
1135.45 981.082 
710.253 964.62 
1151.1 985.152 
1151.1 985.152 
1122.41 986.285 
317.901 325.166 
553.358 978.743 
1342.46 1015.71 
1312.75 1030.51 
569.759 941.871 
2339.87 1640.61 
1326.3 1033.43 
2435.38 1084.89 
1729.85 1057.72 
1673.07 1693.09 
2293.86 1090.88 
2511.93 1100.74 
2319.78 1094.55 
1432.71 1061.18 
2212.01 1091.88 
2415.14 1100.9 
2597.84 1110.04 
2283.73 1099.18 
781.232 267.068 
908.606 238.753 
2417.98 1107.26 
1599.69 1076.92 
2036.37 1095.84 
1328.58 629.198 
2110.5 1099.59 
2441.72 1111.58 
494.257 1041.52 
2083.83 1100.92 
1609.35 1087.79 
1335.84 1079.86 
2336.19 1546.36 
2467.8 1132.75 
2498.32 1136.4 
2444.9 127.91 
1296.95 1101.65 
2698.09 1152.32 
1074.74 77.8663 
1074.74 77.8663 
934.396 1099.08 
934.396 1099.08 
1119.36 1105.73 
1299.39 1110.76 
131.692 1075 
104.778 1229.77 
2512.99 224.21 
139.303 1082.09 
130.726 1086.36 
2479.87 1168.77 
2309.29 1169.41 
2476.83 1175.12 
1513.21 974.372 
1513.21 974.372 
1492.02 1145.14 
1670.43 1150.69 
2269.31 1170.43 
1438.79 1145.15 
1120.59 1149.94 
1934.21 1162.32 
2160.02 1170.93 
2133.56 1171.21 
1388.83 1148.03 
642.573 1127.11 
642.573 1127.11 
1133.61 1144.9 
1401.24 1156.1 
891.916 1140.32 
1149.83 1149.59 
1149.83 1149.59 
1120.59 1149.94 
1934.49 1190.95 
127.079 1141.05 
916.468 1190.14 
2746.83 1243 
457.564 1199.14 
2177.09 1252.3 
2225.87 365.851 
2531.69 982.197 
2598.36 1267.23 
546.2 1213.23 
2582.78 1270.46 
1542.94 1243.65 
1414.68 1243.33 
2219.89 1270.37 
121.825 1220.77 
2218.32 1277.69 
1417.71 1258.37 
793.345 1246.19 
121.586 1238.31 
2545.11 219.91 
2150.11 1295.03 
2503.44 1305.99 
2147.7 1301.38 
453.144 1264.56 
498.196 1267.56 
1789.75 1311.74 
116.564 1287.01 
2352.07 1338.08 
1980.66 1334.1 
1980.66 1334.1 
1980.66 1334.1 
1980.66 1334.1 
1980.66 1334.1 
2020.43 1337.21 
774.392 1316.17 
2023.64 1344.96 
1048.43 1329.78 
1089.79 1330.05 
733.849 1324.68 
2123.14 1356.05 
1608.37 1346.17 
1475.92 1345.44 
1914.73 1353.47 
1273.57 1341.28 
1081.07 1337.84 
1475.92 1345.44 
1886.15 1353.46 
1450.72 1345.6 
1660.14 1350.14 
726.021 1332.84 
2403.08 1369.18 
2663.95 1374.61 
2402.65 460.131 
715.766 1335.69 
715.766 1335.69 
2098.89 1364.9 
2544.89 1373.19 
888.599 1346.13 
445.892 1338.59 
338.657 1342.31 
338.657 1342.31 
495.251 1345.39 
441.192 1345 
441.192 1345 
122.713 1346.39 
2168.7 1384.06 
2074.61 1383.28 
2074.61 1383.28 
669.812 1361.11 
2153.26 1388.35 
2153.26 1388.35 
757.997 1365.31 
841.258 1366.3 
1019.43 1369.4 
1208.27 1374.67 
2171.93 1392.12 
1313.61 1377.24 
1615.21 1383.56 
783.655 1375.35 
783.655 1375.35 
813.184 1375.98 
961.374 1377.88 
991.137 1378.99 
1549.24 1392.01 
1320.97 1386.31 
1342.43 1387.2 
1377.77 1387.31 
1526.35 1390.18 
835.08 1375.22 
1607.29 1392.61 
2500.43 671.746 
1739.76 1397.19 
1972.79 1401.05 
1981.67 1421.81 
1981.67 1421.81 
826.446 1392.07 
826.446 1392.07 
947.148 1394.88 
1327.47 1404.94 
1396.79 1408.01 
1396.79 1408.01 
1531.73 1411.19 
261.979 1393.62 
1597.77 1411.15 
1597.77 1411.15 
2201.91 1436.14 
2171.71 1441.92 
2242.57 1444.22 
2242.57 1444.22 
1098.52 1428.79 
2228.6 1446.13 
2577.27 1454.42 
1768.6 1448.14 
2240.59 1470.9 
334.136 1454.53 
2312.79 1482.16 
2312.79 1482.16 
2309.25 1488.32 
2391.47 1503.37 
2388.96 1509.07 
2252.52 1527.5 
2113.7 1527.21 
2540.19 1530.77 
2205.38 1531.03 
2215.06 1530.35 
2498.6 1541.04 
2691.98 1548.9 
2185.64 1548.71 
2201.57 1581.79 
849.6 1579.43 
246.691 1584.14 
684.972 1670.38 
2630.43 982.754 
2152.22 1604.79 
1874.32 1605.27 
1874.32 1605.27 
2098.92 1622.68 
1874.84 1629.85 
2532.88 1633.24 
241.283 1627.28 
773.291 1639.39 
1844.97 1639.38 
798.046 1640.77 
798.046 1640.77 
1475.39 1649.92 
212.711 1645.9 
2230.14 1651.49 
1264.98 1658.98 
1264.98 1658.98 
1660.81 1659.4 
1488.99 1662.94 
1440.85 1665.83 
1120.62 1691.92 
797.143 1670.1 
2117.41 1247.62 
646.108 1671.81 
1715.06 1670.65 
1250.71 1672.76 
875.103 1675.94 
965.36 1678.3 
2696.87 1675.89 
1006.63 1683.39 
2297.07 1680.86 
886.304 1687.15 
886.304 1687.15 
2786.15 392.596 
1531.29 1689.25 
1531.29 1689.25 
2568 1684.9 
1120.62 1691.92 
1120.62 1691.92 
1438.82 1690.41 
992.412 1692.85 
1275.36 1699.76 
656.462 1701.12 
1453.06 1706.31 
647.268 1712.91 
761.58 1722.45 
804.941 1725.47 
294.921 1735.48 
1993.4 1738.49 
1767.13 1739.73 
2339.87 1640.61 
2016.64 1739.98 
1079.7 1749.98 
1079.7 1749.98 
2718.74 1777.01 
2733.92 1783.56 
1297.08 1861.92 
1301.38 1917.78 
1003.24 1941 
2806.65 179.558 
2500.43 671.746 
2186.19 61.3329 
2198 62.1033 
2195.72 163.589 
2387.89 89.4534 
2387.89 89.4534 
1397.92 1470.86 
2971.33 189.279 
2436.96 235.573 
1865.67 40.7823 
2114.74 66.8448 
2572.88 113.477 
2512.99 224.21 
2464.03 1368.61 
894.27 1478.54 
1451.32 19.4797 
1473.03 24.7873 
1460.85 25.8951 
279.245 1737.61 
1448.37 27.8635 
1693.65 58.2496 
2001.79 90.2812 
2060.01 97.1125 
2412.85 244.725 
2021.68 95.345 
1701.94 65.8456 
1119.36 11.964 
1920.85 95.2793 
2464.03 1368.61 
2052.99 1401.68 
1943.82 99.0622 
1116.56 20.8098 
2007.28 110.001 
1870.87 104.767 
1282.46 51.3546 
1212.05 59.0663 
2352.88 287.576 
2188.6 157.154 
648.566 14.8541 
741.845 24.9326 
1160.28 67.0606 
2262.14 991.666 
1366.63 84.8196 
1074.74 77.8663 
1074.74 77.8663 
853.753 61.5498 
1689.43 142.641 
2025.64 176.46 
2765.05 12.6692 
694.117 1773.6 
683.487 67.1057 
2295.18 224.916 
2258.75 222.553 
1924.31 193.218 
2412.85 244.725 
738.699 91.2017 
1460.98 155.887 
1460.98 155.887 
706.233 95.8218 
2350.84 251.326 
485.227 80.5114 
669.535 97.9665 
487.269 91.742 
2725.66 298.325 
900.321 132.381 
1474.96 181.712 
1474.96 181.712 
771.914 133.781 
2116.21 270.052 
453.611 126.146 
2604.58 333.671 
2604.58 333.671 
2867.98 756.476 
2170.04 308.684 
451.077 246.268 
451.077 246.268 
482.25 165.048 
482.25 165.048 
787.216 193 
453.611 126.146 
1358.12 246.868 
2196.79 322.432 
486.427 176.646 
2222.3 336.388 
2222.3 336.388 
1806.77 303.506 
1269.7 257.258 
1788.49 304.628 
164.428 471.937 
163.824 483.521 
2354.18 366.055 
1930.87 331.933 
2276.47 361.972 
1156.19 272.301 
2225.87 365.851 
853.65 252.2 
2206.19 368.112 
2229.28 373.756 
1868.16 345.673 
144.486 961.699 
2228.09 382.712 
2339.78 392.169 
766.658 267.839 
2280.11 394.031 
437.725 247.062 
2495.38 1375.13 
420.227 251.035 
420.227 251.035 
690.889 274.506 
2215.5 399.326 
1757.12 367.867 
2062.38 403.679 
621.051 289.279 
594.333 291.194 
2857.98 574.224 
2402.65 460.131 
1984.01 435.191 
2980.24 823.168 
1352.58 392.364 
1606.8 142.651 
1287.88 400.409 
2759.06 1168.12 
2394.03 461.562 
606.021 357.845 
606.021 357.845 
1507.15 425.032 
1287.52 412.303 
1353.9 404.345 
908.606 238.753 
2526.18 534.207 
474.229 386.959 
1948.46 505.83 
1948.46 505.83 
1453.33 474.164 
2473.94 556.497 
1841.74 511.733 
894.27 1478.54 
1532.05 494.819 
2415.26 568.81 
1915.84 535.347 
1915.84 535.347 
591.45 441.044 
1413.9 506.021 
1479.05 521.963 
1516.08 527.709 
1107.88 505.768 
2212.6 585.432 
2380.52 239.332 
1159.71 516.575 
1088.94 515.281 
2127.26 597.198 
1500.4 552.642 
2042.6 594.327 
2042.6 594.327 
473.134 490.907 
847.908 518.174 
810.014 518.168 
732.423 541.73 
2026.83 604.989 
2034.86 605.611 
762.302 524.496 
762.302 524.496 
2052.99 1401.68 
2028.61 613.263 
1505.07 580.534 
431.067 513.365 
431.067 513.365 
1915.55 612.334 
2845.85 683.097 
1101.42 564.003 
1101.42 564.003 
803.525 554.417 
1202.94 584.29 
1202.94 584.29 
805.794 562.351 
1358.58 599.743 
1358.58 599.743 
1247.99 596.201 
1247.99 596.201 
2364.69 675.428 
569.759 941.871 
392.63 561.997 
1155.36 608.92 
2272.98 686.135 
1285.19 630.647 
1285.19 630.647 
745.681 626.976 
1326.62 664.928 
1952.03 706.034 
1952.03 706.034 
1290.06 667.608 
129.068 1230.59 
1361.76 676.186 
656.91 276.331 
646.877 855.993 
1256.22 683.345 
1355.75 687.866 
2355.13 770.906 
1227.99 710.425 
2357.84 781.257 
2879.97 992.191 
2126.61 782.79 
2037.93 783.96 
2841.94 598.946 
2157.05 790.651 
2130.92 791.657 
1628.31 763.164 
2044.43 791.941 
571.446 714.15 
571.446 714.15 
1986.75 796.558 
531.705 719.011 
568.606 724.63 
2493.1 863.707 
1232.01 947.127 
425.247 723.057 
2221.93 837.592 
2848.33 514.786 
749.614 771.3 
749.614 771.3 
2583.99 871.556 
2501.09 872.421 
2373.21 873.202 
2577.16 884.517 
3057.27 416.695 
2083.91 880.018 
2900.62 925.288 
1499.36 867.668 
1491.28 873.2 
1491.28 873.2 
2845.85 683.097 
1116.24 890.469 
1030.63 920.677 
1704.96 902.426 
2234.68 928.438 
261.979 1393.62 
1953.61 915.587 
683.94 862.353 
2602.26 953.987 
2585.4 954.509 
664.896 863.635 
1116.24 890.469 
2725.6 972.552 
2904.59 1220.89 
530.735 873.76 
2354.92 242.296 
1688.24 930.557 
1176.47 909.618 
1176.47 909.618 
395.13 882.315 
395.13 882.315 
1492.48 933 
2572.96 983.316 
1458.69 934.859 
2399.7 979.929 
1742.24 951.27 
1705.09 952.763 
1665.76 954.31 
1650.58 953.875 
2303.74 984.746 
934.396 1099.08 
987.4 932.852 
2354.4 995.232 
2354.4 995.232 
2370.21 997.167 
1641.12 965.471 
2096 988.217 
2173.81 997.868 
2213.39 1001.31 
1133.61 1144.9 
2946.17 1740.58 
2946.17 1740.58 
1112.3 989.456 
569.759 941.871 
1110.52 1153.39 
716.812 954.614 
494.664 949.488 
494.664 949.488 
494.664 949.488 
381.441 947.422 
1845.63 1173.02 
958.291 979.256 
716.863 969.948 
1112.3 989.456 
1110.52 1153.39 
1587.45 1010.21 
1101.38 989.513 
1709.66 1017.12 
1655.83 1018.57 
944.904 989.335 
1768.04 1085.33 
2745.17 1069.3 
2922.18 806.368 
1679.52 1036.81 
2189.6 1057.24 
2189.6 1057.24 
987.297 1025.33 
2521.7 1093.91 
2623.2 1099.82 
1683.1 1067.59 
2540.15 1100.34 
1779.74 1072.69 
2478.12 1100.26 
2440.81 1103.33 
2157.13 1093.79 
1033.25 1054.22 
2541.18 1110.05 
1518.32 1063.03 
1174.21 1069.12 
1299.95 1076.26 
1589.17 1087.42 
1097.73 1070.47 
1492.21 1100.2 
1457.98 1100.49 
2641.82 1142.16 
1120.62 1691.92 
1246.8 1116.46 
1266.11 1117.19 
2429.1 1158.38 
1391.21 1129.33 
1391.21 1129.33 
1328.39 1126.74 
1475.75 1133.03 
1658.82 1139.54 
2462.24 1167.75 
1367.91 1138.87 
1386.97 1138.9 
1473.85 1141.75 
1707.71 1149.5 
1707.71 1149.5 
2215.37 1168.9 
841.323 1125.59 
1134.02 1136.03 
1502.48 1147.98 
1110.52 1153.39 
1112.3 989.456 
1449.21 1148.91 
2095.2 1173.22 
2154.67 1177.74 
1024.76 1146.04 
1965.49 1175.21 
1845.63 1173.02 
1112.3 989.456 
1101.38 989.513 
1110.52 1153.39 
1015.84 1158.11 
1833.48 1185.1 
2284.86 1205.76 
2284.86 1205.76 
271.93 1150.86 
1475.52 1195.41 
1134.23 1198.55 
1924.41 1214.28 
1461.77 1194.59 
2054.1 1223.34 
1134.18 1196.99 
2458.46 1240.67 
527.526 1192.86 
502.462 1193.03 
886.143 495.208 
2233.3 1243.38 
1898.29 1261.2 
1547.77 1259.63 
2867.4 1216.2 
129.068 1230.59 
2479.27 1298.09 
2183.26 1296.71 
2183.26 1296.71 
534.099 305.03 
2867.4 1216.2 
658.114 1313.51 
1360.03 1324.03 
825.566 1317.37 
116.233 1304.67 
1874.32 1343.78 
1925.79 1344.86 
1649.9 1339.84 
1696.2 1340.65 
1485.65 1337.07 
908.264 1327.15 
2195.14 1358.98 
506.002 1328 
887.172 1337.72 
114.871 1324.32 
2197.22 1367.31 
2182.41 1367.76 
1463.8 1356.56 
2463.04 1377.31 
367.609 1338.55 
106.669 1490.17 
2530.56 1396.55 
1360.23 1379.17 
1408.46 1378.82 
2051.91 1390.89 
1552.75 1383.66 
1408.46 1378.82 
1964.63 1391.67 
2009.39 1392.56 
961.374 1377.88 
1584.02 1393.96 
1584.02 1393.96 
1997.5 1402.57 
1752.08 1414.49 
1133.6 1398.34 
1597.77 1411.15 
1597.77 1411.15 
1981.67 1421.81 
253.609 1398 
2238.85 1436.99 
2755.4 125.699 
1193.88 1431.42 
1262.4 1433.72 
2843.53 379.533 
2354.67 1537.98 
2351.9 1454.07 
2676.1 1459.34 
2676.1 1459.34 
1617.64 1453.01 
2688.79 1464 
2679.29 1467.5 
2455.56 1467.97 
2279.98 1468.9 
338.401 590.611 
2293.98 1481.85 
250.67 1459.3 
250.67 1459.3 
248.878 1471.03 
1804.19 1503.36 
2318.64 1510.74 
2318.64 1510.74 
2754.87 1515.83 
2754.87 1515.83 
2615.17 1534.36 
95.5635 1514.54 
2291.23 1533.59 
2439.97 1536.69 
2329.68 1537.33 
2221.09 1092.59 
2952.28 1434 
2336.19 1546.36 
2371.94 1549.77 
1882.22 1549.17 
1328.58 629.198 
1328.58 629.198 
239.175 1538.85 
1956.7 1553.23 
1956.7 1553.23 
114.424 1541.81 
103.583 1547.25 
2465 1576.4 
2465 1576.4 
725.964 1572.63 
235.589 1577.99 
2508.25 1603.63 
2927.8 775.501 
1831.93 1628.79 
1638.05 1707.58 
291.21 1637 
2222.05 1644.14 
2222.05 1644.14 
1945.33 1646.33 
2599.5 1649.03 
2722.24 1651.87 
2371 1654.89 
2390.94 1656.66 
1830.97 1657.84 
1119.88 1662.02 
2716.52 1660 
696.38 1662.36 
1665.81 1672.59 
2151.74 1673.54 
2722.13 1673.41 
2544.33 1677.16 
1489.38 1687.94 
1489.38 1687.94 
1908.33 1685.47 
1092.1 1690.35 
2535.64 1684.77 
2281.68 1686.17 
2662.08 1686.58 
646.877 855.993 
1207.73 1698.85 
1520.17 1701.39 
443.021 383.229 
1411.5 1711.65 
1411.5 1711.65 
1489.7 1735.7 
1778.5 1725.24 
1095.08 1734.75 
2922.2 277.586 
1489.7 1735.7 
1755.35 1734.48 
2922.2 277.586 
1159.48 1250.53 
1479.87 1755.36 
1479.87 1755.36 
1820.65 1755.17 
694.117 1773.6 
619.923 1766.56 
2452.98 1755.76 
671.296 1771.58 
671.296 1771.58 
1820.65 1755.17 
879.564 1789.66 
879.564 1789.66 
934.1 1794.37 
934.1 1794.37 
995.941 1799.76 
995.941 1799.76 
1547.35 1804.63 
1547.35 1804.63 
995.941 1799.76 
1097.26 1809.02 
1605.66 1798.65 
1505.25 1808.71 
1505.25 1808.71 
2705.8 1800.23 
1402.92 1818.19 
888.942 1824.54 
879.564 1789.66 
1238.71 1821.73 
1382.85 1819.56 
1382.85 1819.56 
694.117 1773.6 
671.296 1771.58 
1820.77 1728.05 
1820.77 1728.05 
879.564 1789.66 
2269.62 1819.37 
2269.62 1819.37 
1497.9 1842.92 
1579.18 1835.95 
1533.42 1840.2 
2701.94 1856.56 
842.744 1930.52 
306.014 935.14 
1817.32 30.688 
835.98 75.8339 
2103.64 75.0381 
2309.53 1640.31 
2417.13 117.222 
908.606 238.753 
1733.92 52.0954 
2802.17 659.158 
2415.59 127.79 
1128.52 26.3558 
1530.09 69.2708 
1300.56 49.5516 
1300.56 49.5516 
2222.87 140.346 
1225.38 53.4861 
1389.66 243.744 
2884.81 1178.32 
726.869 1807.76 
948.956 54.4023 
1465.82 99.5583 
849.591 50.7623 
1358.86 100.133 
811.609 55.8075 
811.609 55.8075 
2564 227.564 
2765.05 12.6692 
2161.18 1295.76 
2528.13 18.7288 
865.589 78.0633 
1953.2 182.262 
2421.78 226.282 
969.388 95.4197 
2436.96 235.573 
2436.96 235.573 
1955.14 193.578 
2354.92 242.296 
1429.58 164.751 
669.535 97.9665 
1383.93 162.994 
526.861 90.6732 
1136.67 144.828 
811.272 128.389 
996.085 153.983 
2154.79 260.229 
822.768 1453.58 
2352.88 287.576 
2812.12 281.65 
2322 289.985 
2858.13 1297.31 
908.606 238.753 
2082.79 272.243 
2523.8 1679.49 
556.755 157.44 
1436.01 231.819 
294.921 1735.48 
1855.18 287.491 
1722.05 277.098 
1894.14 291.76 
2352.88 287.576 
2131.96 313.272 
2185.43 318.944 
2359.06 332.876 
2165.26 317.84 
2286.35 335.374 
1294.86 253.93 
1269.7 257.258 
1116.63 251.145 
1205.31 261.676 
1205.31 261.676 
885.78 244.275 
1196.27 274.49 
1196.27 274.49 
1111.05 281.028 
2246.99 366.498 
1087.18 268.751 
2572.88 113.477 
1818.9 346.325 
1818.9 346.325 
1887.3 353.995 
1111.05 281.028 
2894.23 44.9851 
104.778 1229.77 
706.992 271.622 
2269.99 400.573 
1397.92 1470.86 
635.085 278.848 
1397.83 1470.64 
1008.89 312.444 
324.593 266.58 
2544.68 456.772 
2032.93 416.237 
2450.07 454.708 
353.938 86.983 
2448.97 465.324 
1872.82 432.294 
1425.55 396.099 
1961.31 444.599 
2489.45 490.758 
321.896 324.634 
1353.9 404.345 
2147.76 466.581 
2139.86 486.041 
1154.94 425.734 
1894.6 490.053 
1888.42 500.272 
791.746 427.325 
1858.24 507.989 
2354.92 242.296 
2354.92 242.296 
2822.32 108.902 
1491.7 498.207 
1459.7 497.196 
1165.76 487.234 
2335.87 585.361 
1136.41 504.465 
1155.32 505.503 
1131.89 560.394 
1477.7 532.192 
264.76 1360.69 
1113.88 525.874 
503.707 488.129 
1919.29 587.405 
1514.31 562.081 
843.012 528.454 
317.901 325.166 
1131.89 560.394 
2545.11 219.91 
745.653 557.412 
2537.91 677.504 
2181.3 657.874 
1172.46 591.795 
1223.24 611.42 
375.817 562.065 
2856.7 703.235 
1167.75 631.823 
1325.18 677.482 
1292.77 680.969 
2536.07 758.063 
1382.07 708.512 
1355.75 687.866 
1204.05 687.651 
2273.21 749.8 
1262.71 694.007 
782.658 669.455 
2410.92 765.659 
324.815 183.025 
871.835 692.144 
2224.3 775.293 
841.452 706.468 
1408.71 736.087 
2145.97 784.55 
2749.23 820.93 
2404.46 809.103 
597.568 708.751 
1221.75 746.551 
1557.53 770.835 
1424.75 763.507 
568.606 724.63 
261.979 1393.62 
1438.98 786.74 
2493.1 863.707 
2170.04 308.684 
2954.26 660.874 
2952.28 1434 
1203.68 802.846 
2444.9 127.545 
1521.11 782.24 
2379.59 883.24 
1682.68 851.631 
2197.26 876.989 
1389.66 243.744 
1504.25 875.772 
777.755 848.113 
1974.6 909.911 
2521.47 670.651 
672.579 857.472 
672.579 857.472 
1157.26 878.651 
2856.7 703.235 
1957.14 925.304 
1163.87 889.829 
989.723 884.608 
1152.42 890.369 
2592.15 963.827 
2592.15 963.827 
1001.66 890.892 
1951.93 937.62 
2846.82 727.45 
1688.24 930.557 
406.698 879.313 
2630.43 982.754 
1742.24 951.27 
2929.71 1190.95 
2415.11 986.386 
1665.76 954.31 
2483.68 991.467 
2156.36 994.921 
1322.59 963.408 
2199.41 1003.65 
1311.69 974.018 
1000.4 967.152 
410.117 946.037 
579.695 953.241 
1677.26 1007.89 
987.297 1025.33 
2871.28 1313.38 
1719.16 1020.3 
2763.34 1064.26 
2871.28 1313.38 
1149.07 1033.98 
1461.03 1025.67 
1122.66 1033.45 
1731.57 1041.66 
1008.77 1024.12 
1122.66 1033.45 
1149.07 1033.98 
2187.56 1077.91 
2187.56 1077.91 
1730.66 1065.98 
1730.66 1065.98 
2463.89 1094.28 
2463.89 1094.28 
1491.89 1065.59 
1720.93 1087.21 
1122.36 1069.41 
2610.29 1132.07 
2610.29 1132.07 
1034.6 1077.82 
1888.57 1111.42 
657.411 1073.15 
1973.23 1120.88 
920.065 1089.35 
920.065 1089.35 
563.7 1078.84 
888.791 1090.42 
1027.2 1097.88 
1541.52 175.597 
1276.67 1120.16 
1276.67 1120.16 
1719.65 1136.88 
1318.43 1128.72 
1307.8 1132.84 
2802.17 659.158 
2065.26 1168.31 
1326.04 1148.08 
1252.09 1153.28 
569.158 1135.87 
2867.4 1216.2 
1642.22 1177.99 
259.426 1136.09 
119.416 1149.28 
2350.28 1216.2 
1461.77 1194.59 
1490.5 1195.4 
1134.18 1196.99 
2250.87 1233.54 
2868.09 1253.78 
2508.74 1247.57 
2115.83 1245.99 
499.36 1219.95 
2441.89 1270.14 
2537.69 1272.2 
2074.93 1264.43 
2366.41 1271.81 
2341.56 1276.84 
2865.81 1169.03 
2592.02 1294 
476.049 1250.73 
476.049 1250.73 
463.926 1261.3 
474.971 1272.33 
474.971 1272.33 
2868.09 1253.78 
2872.67 1350.1 
498.822 1297.76 
456.209 1300.85 
124.3 1295.08 
1754 1331.18 
1387.38 1325.12 
2260.04 1345.67 
2260.04 1345.67 
2246.59 1345.96 
802.069 1316.8 
1238.68 1332.07 
1282.94 1332.56 
1534.24 1336.69 
1601.88 1338.55 
1439.21 1337.39 
1874.32 1343.78 
1925.79 1344.86 
1439.21 1337.39 
770.909 1325.68 
1316.15 1339.49 
125.613 1318.57 
1672.92 1351.3 
2432.23 1367.76 
2157.45 1300.43 
266.379 1337.76 
1785.41 1389.22 
1805.34 1399.58 
1752.08 1414.49 
1752.08 1414.49 
315.566 148.31 
455.729 945.162 
2327.57 1444.75 
1397.96 1852.81 
1085.18 1435.81 
300.259 834.466 
2339.12 1454.4 
2516.69 1457.4 
2071.52 1455.81 
2508.12 1464.32 
2347.75 1463.8 
2544.01 1466.43 
2522.03 1469.4 
2858.09 1212.82 
2867.4 1216.2 
2848.75 750.684 
2878.36 1524.08 
2901.33 1529.28 
242.804 1515.92 
2544.75 1539.47 
2544.75 1539.47 
2684.48 1541.15 
2189.46 1537.85 
2117.41 1247.62 
122.337 1531.55 
235.589 1577.99 
1450.41 1597.4 
1832.08 1615.95 
2138.08 1623.53 
2374.52 1645.84 
2392.41 1647.37 
2615.43 1647.84 
2303.86 1650.25 
2218.46 1652.61 
2449.7 1654.12 
2442.38 1663.43 
2010.08 1666.14 
2382.08 1667.22 
2698.5 1667.65 
2681.03 1669.13 
2282.15 1670.65 
2508.63 1677.57 
1881.27 1685.56 
1881.27 1685.56 
2281.68 1686.17 
1390.87 1698.38 
2399.6 1693.17 
2630.25 1703.2 
2742.01 1715.93 
2742.01 1715.93 
2901.66 938.084 
2339.87 1640.61 
1533.27 1730.06 
1438.07 1740.13 
1450 1759.27 
1799.4 1753.44 
2443.27 1755.23 
2443.27 1755.23 
671.296 1771.58 
671.296 1771.58 
894.132 1790.7 
1097.26 1809.02 
671.296 1771.58 
671.296 1771.58 
628.042 1798.4 
671.296 1771.58 
1097.26 1809.02 
671.296 1771.58 
671.296 1771.58 
799.364 1815.14 
1139.43 1812.28 
1139.43 1812.28 
2750.51 1796.72 
1287.81 1815.68 
954.277 1830.17 
888.942 1824.54 
1971.9 1820.9 
1418.36 1850.46 
2599.46 1671.73 
2750.51 1796.72 
2862.27 1875.31 
817.56 1945.4 
2568 104.762 
2821.68 33.6987 
1491.71 20.4953 
1905.77 90.4752 
2420.12 140.583 
2929.71 1190.95 
2770.74 246.212 
1920.64 106.142 
2161.18 1295.76 
1903.67 112.512 
1931.28 116.879 
1279.32 1444.55 
2608.22 214.082 
2608.22 214.082 
962.184 60.8954 
2895.31 57.3834 
2772.69 34.517 
2858.13 1297.31 
1606.8 142.651 
1606.8 142.651 
2264.17 212.692 
2772.69 34.517 
2772.69 34.517 
1158.43 119.801 
2432.98 249.129 
903.997 109.13 
1143.44 129.285 
2297.87 246.015 
2828.35 305.445 
1346.58 158.913 
601.177 107.747 
601.177 107.747 
1488.76 185.718 
1286.84 169.728 
2402.62 294.247 
2360.03 297.868 
332.81 127.805 
2213.56 300.796 
2240.18 309.657 
2190.25 307.321 
1539.81 258.149 
1587.34 269.633 
1574.63 271.309 
1684.5 286.581 
1309.01 258.213 
2396.65 357.381 
1772.32 306.399 
908.606 238.753 
908.606 238.753 
569.653 225.993 
902.257 252.289 
1914.52 338.143 
1895.09 339.999 
2349.78 392.453 
2195.86 400.196 
656.91 276.331 
602.501 279.757 
2147.47 408.49 
2423.98 458.01 
1480.27 389.04 
2406.42 470.197 
2157.76 455.29 
2848.33 514.786 
1400.1 397.055 
2285.83 474.117 
2528.13 18.7288 
1262.62 411.809 
1591.7 472.469 
1718.26 480.966 
1862.3 497.114 
2920.44 417.984 
1430.89 505.094 
1521.97 516.034 
1495.26 541.32 
1483.83 566.803 
1995.33 623.938 
2546.54 664.942 
1146.61 570.548 
2521.47 670.651 
1606.8 142.651 
2500.43 671.746 
2565.53 676.637 
2513.56 683.403 
300.259 834.466 
2878.87 1462.77 
2088.78 694.158 
2842.05 614.256 
2059.93 698.21 
1309.55 677.166 
1309.55 677.166 
1369.24 697.614 
1278.69 685.393 
1278.69 685.393 
1369.24 697.614 
2276.39 762.721 
1250.64 704.118 
1390.59 721.245 
1238.32 717.725 
1822.85 833.413 
2790.91 325.385 
2055.91 790.273 
1534.24 771.697 
1521.11 782.24 
423.439 737.064 
2146.8 839.165 
1185.74 791.778 
1606.8 142.651 
2347.07 873.856 
2118.43 893.259 
1133.05 890.868 
1133.05 890.868 
2573.57 969.349 
2573.57 969.349 
2587.73 976.243 
1684.07 943.046 
2531.69 982.197 
2531.69 982.197 
2512.28 985.896 
2512.28 985.896 
2924.11 528.802 
2112.22 981.219 
2849.87 792.407 
1688.72 1015.3 
1317.23 1040.79 
2706.4 1098.37 
2548.28 1101.9 
1460.46 1064.56 
2599.14 1108.68 
1271.57 1060.8 
2430.93 1111.97 
1284.88 1079.54 
1308.64 1098.16 
1308.64 1098.16 
1255.91 1106.4 
1151.64 1105.96 
2203.15 1166.54 
2179.36 1167.65 
2860.92 1062.58 
1925 1168.43 
2204 1178.32 
1599.08 1171.74 
1415.82 1178.02 
2248.46 1210.9 
1977.29 1204 
2948.63 1302.91 
2271.57 1218.71 
2640.5 1241.33 
274.575 1185.99 
2364.98 1246.77 
2473.74 1259.57 
2868.28 1273.88 
2170.61 1269.36 
487.944 1261.4 
487.944 1261.4 
674.613 1267.94 
787.498 1304.04 
812.818 1303.98 
812.818 1303.98 
268.79 1301.34 
1587.72 1331.93 
2149.78 1345.13 
1980.96 1345.98 
1331.16 1335.37 
2108.12 1363.41 
253.377 1347.21 
264.76 1360.69 
2868.28 1273.88 
2325.15 1431.53 
2187.53 1439.62 
2187.53 1439.62 
2542.69 1455.51 
2542.69 1455.51 
1279.32 1444.55 
2589.97 1466.46 
2333.8 1465.86 
264.394 1443.57 
822.768 1453.58 
822.768 1453.58 
1027.1 1460.06 
1783.65 1473.08 
2871.62 1049.45 
1851.29 1489.44 
1851.29 1489.44 
70.2436 1492.02 
140.377 1040.58 
2266.29 1525.32 
279.245 1737.61 
2900.1 1542.87 
1510.06 1540.11 
1604.7 1535.87 
1510.06 1540.11 
2399.12 1553.12 
1357.38 1547.18 
2185.46 1561.81 
2915.08 1580.01 
2915.08 1580.01 
47.2725 1573.07 
1308.9 868.69 
234.82 1602.14 
2273.65 1624.61 
2284.21 1628.12 
2339.87 1640.61 
2339.87 1640.61 
2283.07 1642.12 
2283.07 1642.12 
2356.95 1641.64 
1817.13 1656.5 
2360.71 1656.2 
2200.76 1658.5 
2248.21 1660.7 
2218.4 1664.78 
1804.07 1670.61 
2523.8 1679.49 
2632.98 1692.06 
1779.11 1736.93 
2150.95 1737.09 
2815.93 662.457 
2830.2 1773.5 
2750.51 1796.72 
755.817 1810.29 
1234.53 1854.66 
606.2 1796.02 
1340.52 1857.61 
2726.65 1844.41 
2750.51 1796.72 
285.224 1031 
1605.97 54.6064 
344.207 176.413 
1566.05 73.3832 
2839.67 211.624 
1796.04 124.34 
2981.46 1303.15 
2579.87 220.801 
1063.58 83.6331 
299.995 774.709 
1512.37 1841.4 
1292.16 131.537 
835.374 107.893 
2210.62 881.236 
1436.01 231.819 
1436.01 231.819 
2843.53 379.533 
1256.18 265.352 
1725.74 310.707 
1986.73 347.621 
332.305 220.773 
2253.93 382.786 
2208.85 396.746 
572.125 280.183 
2478.53 456.784 
2457.94 467.731 
2457.94 467.731 
2867.98 756.476 
2285.11 460.313 
1377.25 398.318 
1759.21 477.4 
1102.95 428.955 
1482.22 473.511 
915.152 559.8 
253.609 1398 
1725.58 521.386 
2336.1 569.906 
2052.99 1401.68 
1688.45 579.542 
1688.45 579.542 
313.751 490.69 
1853.88 614.033 
732.423 541.73 
732.423 541.73 
2179.24 674.058 
2179.24 674.058 
2927.8 775.501 
2236.88 788.214 
1231.61 732.027 
1231.61 732.027 
2915.09 491.308 
297.285 941.382 
1289.89 795.857 
2249.24 870.463 
2249.24 870.463 
299.995 774.709 
2877.11 795.842 
2889 1156.82 
2559.57 978.747 
2129.57 993.087 
738.457 941.432 
2129.06 1009.78 
608.982 954.507 
2607.65 1095.16 
285.224 1031 
300.259 834.466 
1346.03 1144.89 
328.739 461.583 
1354.87 1162.25 
259.426 1136.09 
2566.99 1248.5 
2922.2 277.586 
2659.22 97.8763 
2388.18 1276.97 
275.98 1243.49 
771.93 1272.22 
1582.65 1295.34 
1647.07 1296.93 
694.117 1773.6 
1889.74 1302.11 
1011.25 1291.47 
1011.25 1291.47 
686.595 1285.58 
756.528 1286.71 
1270.81 1317.28 
1587.72 1331.93 
140.496 1306.38 
678.352 1327.24 
1411.42 1340.59 
754.272 1331.74 
634.94 1368.78 
2210.42 1395.44 
1615.34 1387.78 
1838.58 1393.58 
2446.19 1416.5 
664.964 774.205 
2909.46 132.225 
2304.19 1465.19 
2478.51 1471.63 
2852.83 826.944 
232.453 1483.22 
2255.56 1601.75 
2176.53 1618.77 
109.617 1617.94 
2127.12 1635.97 
176.288 1639.37 
2706.49 1649.02 
2340.13 1655.11 
2907.61 1661.13 
2465.83 1663.03 
2483.6 1678.45 
2464.67 1680.62 
1541.51 1717.05 
1541.51 1717.05 
2473.74 1259.57 
2711.6 1788.53 
1803.63 1803.71 
2729.04 1795.48 
2820.06 1797.63 
2758.67 1800.22 
1275.2 1837.92 
1286.49 1859.48 
2079.44 149.02 
1843.51 156.026 
1843.51 156.026 
1368.8 122.459 
2845.47 403.961 
325.295 376.063 
1417.74 468.723 
2848.75 750.684 
1733.31 580.881 
2354.79 668.467 
312.147 592.359 
977.622 640.165 
977.622 640.165 
1712.61 716.42 
1216.08 761.055 
2856.7 703.235 
1332.94 828.656 
2152.92 873.451 
2222.08 896.001 
2144.47 893.233 
1759.21 477.4 
1316.16 886.052 
300.259 834.466 
1293.35 909.626 
2143.29 977.072 
294.288 904.559 
2183.07 995.654 
2755.4 125.699 
2129.06 1009.78 
1966.85 1036.59 
1599.14 1084.2 
599.265 1054.35 
752.263 1064.4 
752.263 1064.4 
259.426 1136.09 
898.773 1153.31 
745.315 1199.11 
1647.07 1296.93 
799.555 1286.08 
476.061 1286.41 
476.061 1286.41 
476.061 1286.41 
1553.51 1309.32 
1801.64 1316.05 
140.496 1306.38 
660.745 1348.19 
268.249 1414.8 
1471.39 1456.15 
1471.39 1456.15 
232.453 1483.22 
2007.22 1524.84 
2681.33 1540.87 
2127.26 597.198 
1822.22 1592.32 
2334.34 1619.53 
2403.06 1629.14 
2133.27 1639.81 
327.793 1644.7 
2560.15 1648.36 
2406.26 1677.36 
2637.66 1675.53 
2586.7 1688.25 
2838.66 1792.92 
1643.42 1809.61 
853.26 1822.68 
853.26 1822.68 
2713.2 1850.67 
2849.33 1867.82 
1215.23 1451.01 
315.566 148.31 
1707.1 263.057 
3063.07 415.992 
1830.55 312.327 
1392.26 297.993 
1269.1 314.373 
1209.64 321.945 
1149.27 329.649 
1085.5 337.004 
275.98 1243.49 
2151.17 477.3 
1184.18 500.039 
1304.99 600.884 
1159.03 654.821 
2335.99 988.673 
1159.03 654.821 
2950.02 227.872 
2915.09 491.308 
2386.54 762.303 
2767.3 380.928 
1602.08 739.743 
1604.7 1535.87 
1337.57 792.87 
945.624 771.518 
2362.74 247.667 
2571.76 892.424 
300.259 834.466 
1310.2 1012.41 
2894.23 44.9851 
763.306 1013.02 
286.188 880.919 
2590.22 1115.87 
253.609 1398 
1428.52 1435.95 
1428.52 1435.95 
880.124 692.588 
2842.05 614.256 
2265.31 1278.62 
478.654 1235.56 
2878.87 1462.77 
2824.13 133.63 
2425.78 1389.01 
795.791 1373.44 
294.288 904.559 
856.995 1442.38 
926.479 1442.71 
926.479 1442.71 
1317.53 1454.17 
1359.43 1455.07 
221.181 1635.81 
2418.97 1653.37 
1222.61 1863.07 
2780.7 1849.89 
343.342 27.276 
2781.3 1672.08 
104.778 1229.77 
2767.3 380.928 
344.207 176.413 
259.426 1136.09 
2326.79 47.6874 
328.739 461.583 
1307.71 818.228 
1683.51 867.802 
1683.51 867.802 
2856.7 703.235 
297.285 941.382 
2195.72 163.589 
1326.86 1046.38 
994.755 1106.48 
1800.45 1143.17 
315.566 148.31 
1028.97 1447.53 
1028.97 1447.53 
1116.7 1447.14 
1215.23 1451.01 
2767.3 380.928 
259.426 1136.09 
308.654 1612.48 
1358.68 1745.34 
2776.72 1803.95 
2780.7 1849.89 
306.014 935.14 
2920.44 417.984 
1327.89 136.464 
2849.87 792.407 
2858.17 1009.67 
1572.49 489.161 
149.142 408.484 
149.142 408.484 
2921.87 1713.41 
2904.66 241.401 
1851.29 1489.44 
1486.49 1843.67 
706.992 271.622 
2937.42 1183.49 
306.014 935.14 
161.245 1125.35 
104.778 1229.77 
104.778 1229.77 
2386.57 1296.21 
338.401 590.611 
1486.49 1843.67 
2493.1 863.707 
180.607 472.919 
2817.22 1826.8 
2817.22 1826.8 
1222.61 1863.07 
306.014 935.14 
2920.44 417.984 
1487.37 371.391 
324.783 720.852 
1112.36 609.684 
1462.32 671.627 
1176.14 759.171 
324.783 720.852 
1560.2 813.946 
1680.99 1089.99 
2921.87 1713.41 
284.148 1464.68 
86.5535 1542.39 
86.5535 1542.39 
325.567 461.507 
1642.89 506.313 
1203.37 514.963 
1203.37 514.963 
931.137 594.939 
338.401 590.611 
1518.27 739.501 
1373.83 839.538 
1952.2 977.74 
1373.76 1019.2 
318.558 1043.81 
494.257 1041.52 
2137.97 1588.25 
299.995 774.709 
1838.02 1722.46 
1778.26 1793.22 
1331.82 1816.61 
1032.72 362.104 
1032.72 362.104 
936.768 803.6 
1226.85 824.431 
334.4 919.505 
1307.64 1078.89 
1294.97 1173.99 
2323.31 1335.79 
1916.25 1435.67 
1606.8 142.651 
963.052 451.331 
1288.53 925.14 
937.983 1828.61 
2824.13 133.63 
2824.13 133.63 
1915.12 778.346 
1942.42 1019.74 
1632.28 1750.29 
1184.12 668.503 
